-2.664535259100375697e-15
1.608446436975008886e+00
1.639676812104476689e+00
1.684060260316031954e+00
1.720809286191451015e+00
1.728714418679502929e+00
1.766054972119589506e+00
1.779727194375366972e+00
1.804966904195550059e+00
1.820227585564949679e+00
1.850759785702743132e+00
1.883715729169772146e+00
1.888090242131478025e+00
1.930622351471111164e+00
1.960282954321294069e+00
1.982397322023175423e+00
1.983766793521898331e+00
2.009693176491015087e+00
2.026841937666488125e+00
2.051219778057042475e+00
2.075185493061807662e+00
2.116130114396080675e+00
2.143778877064596688e+00
2.163318316345001158e+00
2.182586152017705672e+00
2.189814477238877455e+00
2.214211601693021336e+00
2.217735272019793147e+00
2.232965657033788354e+00
2.258185437265178841e+00
2.269544838926735419e+00
2.279840535047974015e+00
2.305405926970784058e+00
2.326797333245707922e+00
2.352534659869778277e+00
2.373746145365051241e+00
2.392831286364552223e+00
2.416229782736099896e+00
2.422456458923019973e+00
2.439679306740195841e+00
2.451922016885237365e+00
2.482621105062369438e+00
2.503993632715789897e+00
2.515921958321114538e+00
2.529501272709459680e+00
2.543881051307823604e+00
2.566707158455171278e+00
2.577188305566803450e+00
2.588810087998906440e+00
2.614462684399569969e+00
2.621782664513032213e+00
2.652596534365646797e+00
2.674553866936797419e+00
2.714739477881346286e+00
2.717501495881825768e+00
2.736877937935187077e+00
2.756220364923968713e+00
2.769889371648595944e+00
2.791450158581120888e+00
2.811143814846893019e+00
2.823302560983048437e+00
2.837397644449519252e+00
2.857378248647974406e+00
2.869026548489563844e+00
2.894186293254437548e+00
2.902103629171986832e+00
2.942621426884037383e+00
2.954646920857932901e+00
2.962060852216249707e+00
2.971946338970977042e+00
2.989203929557637807e+00
3.011456547659171257e+00
3.030061255655545072e+00
3.041129511691233578e+00
3.051567255014777214e+00
3.070254599626506931e+00
3.106212197918329476e+00
3.109853582940614647e+00
3.133818412793484054e+00
3.140011995646160514e+00
3.147247527189086735e+00
3.156117403295905621e+00
3.211872566143228358e+00
3.220997110266997865e+00
3.248132514779318747e+00
3.262714180021142774e+00
3.281628251899920024e+00
3.294950985228581430e+00
3.315807012268656706e+00
3.326562553047152981e+00
3.340113292602582717e+00
3.353899956289561057e+00
3.365274077173342704e+00
3.372124585350127379e+00
3.392887140159990711e+00
3.407074665852412032e+00
3.425572017368697875e+00
3.460297542802328152e+00
3.468448677988882345e+00
3.482178484692171061e+00
3.489300482369973810e+00
3.522929801060808330e+00
3.533102774995517503e+00
3.556145220506270910e+00
3.570118311001473810e+00
3.577222668788805571e+00
3.583712165220840351e+00
3.607194270573757411e+00
3.619783366480374465e+00
3.629338665102228134e+00
3.665712384281244240e+00
3.675683702436807199e+00
3.700017167992570410e+00
3.722583174700970776e+00
3.731468387239041729e+00
3.755315336626491973e+00
3.760028220892940087e+00
3.788781633019826067e+00
3.789261570640122478e+00
3.797147187965369319e+00
3.823854361483334241e+00
3.861820178567293649e+00
3.884438348893085369e+00
3.892919988674824694e+00
3.917549090964914438e+00
3.925902333424712953e+00
3.935633550019815186e+00
3.956581260511280451e+00
3.973282589623524430e+00
3.976980544758403902e+00
4.010580218652478379e+00
4.015420420036397431e+00
4.033228130026310865e+00
4.060314296469294426e+00
4.077482106072652712e+00
4.085032939141780339e+00
4.104818349785655407e+00
4.106925174779442855e+00
4.128714711625484313e+00
4.142901049023505422e+00
4.156218240400521680e+00
4.161239412528672688e+00
4.188152802669861785e+00
4.203491768991844957e+00
4.220036613397242675e+00
4.233646304808918792e+00
4.255269928306735672e+00
4.287114297070278468e+00
4.302171735354320070e+00
4.317061625872500308e+00
4.340629437076086283e+00
4.353409187789417878e+00
4.383873675018284288e+00
4.394398090969632520e+00
4.409506256395814283e+00
4.435502794900862966e+00
4.446952944903247662e+00
4.454019104936071116e+00
4.466873017708958393e+00
4.493485692882406290e+00
4.514988233976850118e+00
4.525387107684245791e+00
4.546489057342085083e+00
4.554114694242991312e+00
4.578377551591842121e+00
4.615780733984011341e+00
4.631679604652044979e+00
4.660498838935172472e+00
4.667195141796740110e+00
4.689197121437009841e+00
4.692174853314487137e+00
4.698361986515358524e+00
4.707159875493671208e+00
4.750059781598152675e+00
4.763379334834946022e+00
4.775117490941799048e+00
4.786909909808765740e+00
4.795999793538534561e+00
4.804668909189214077e+00
4.822196265515301228e+00
4.846575972549167055e+00
4.876104931453856928e+00
4.885310855931193963e+00
4.905879753945038502e+00
4.921829074958624872e+00
4.936946510578952285e+00
4.942081258028529156e+00
4.957701304026953970e+00
4.977436635087622463e+00
4.994027791738626654e+00
5.002948158797808631e+00
5.053281452456469758e+00
5.056318760891681308e+00
5.073709458366107761e+00
5.077569084622308715e+00
5.097157155617297875e+00
5.127293847999665033e+00
5.143883442328172961e+00
5.162109103940714760e+00
5.182266975184086633e+00
5.194933227204220572e+00
5.204452740087160301e+00
5.223983711387732320e+00
5.239248371664904091e+00
5.249577722364620058e+00
5.257940752205595203e+00
5.275040731926393889e+00
5.288799863352970476e+00
5.307415667853107699e+00
5.335002235095276824e+00
5.360108124916372674e+00
5.369579258549125989e+00
5.372787342815740885e+00
5.415588511519537462e+00
5.431116112440346200e+00
5.447195520401323598e+00
5.452795953993969214e+00
5.467190787870795710e+00
5.488417773997070981e+00
5.500969705780970109e+00
5.524057650703653621e+00
5.536003026357688483e+00
5.553061720233440468e+00
5.562158016099195912e+00
5.584044958167242889e+00
5.595009133895496589e+00
5.622329119482262882e+00
5.631891477774328969e+00
5.646467559914476908e+00
5.663175082355058620e+00
5.674976892111716964e+00
5.692679965903440831e+00
5.718140308363413027e+00
5.730730487512905924e+00
5.740424815896918886e+00
5.760078521184501810e+00
5.775801022084844583e+00
5.791825926387579315e+00
5.801801754741837236e+00
5.808331405123544400e+00
5.837246748757173975e+00
5.863578559099598131e+00
5.882050566387713175e+00
5.890146652534851590e+00
5.901197926167652597e+00
5.918342277363028536e+00
5.936101143361765864e+00
5.969800298351601420e+00
5.985135439480998798e+00
5.997784452716857118e+00
6.006409471973301883e+00
6.024222402392375386e+00
6.058862531062871426e+00
6.066971343648659420e+00
6.074151334228346855e+00
6.087291768980056972e+00
6.102941709872695242e+00
6.150720895013542133e+00
6.161643222548985221e+00
6.163001106363322990e+00
6.192367283773468678e+00
6.195735449608082313e+00
6.216024532644669698e+00
6.232161810206481078e+00
6.249585852071124492e+00
6.267578247253960733e+00
6.274295970482144824e+00
6.299497516576654021e+00
6.314110602734715805e+00
6.331988104600735134e+00
6.339254603423086110e+00
6.378462374910012223e+00
6.389423043265861857e+00
6.418771550668512127e+00
6.420680485864243003e+00
6.433974806936744173e+00
6.447765881801358567e+00
6.461926031013653038e+00
6.478108364672515052e+00
6.488142161695493293e+00
6.523695837007864817e+00
6.538103032029137118e+00
6.541708967905915273e+00
6.562584883523511436e+00
6.585174187564470927e+00
6.597895100120882539e+00
6.627679977775982501e+00
6.651672707634903148e+00
6.653125853938913536e+00
6.671073284485298238e+00
6.685170277897619862e+00
6.700092275983084100e+00
6.716084080612263918e+00
6.739015085427303653e+00
6.768330859085431861e+00
6.773536062952541847e+00
6.780080445022644398e+00
6.817308637410709693e+00
6.844166846053038711e+00
6.848961950658967623e+00
6.852177695761789700e+00
6.862997307745661857e+00
6.903637373350100859e+00
6.912599560243807062e+00
6.931531073593326653e+00
6.939468845945345521e+00
6.968372972958132294e+00
6.973431625747792850e+00
6.994432541399443259e+00
7.019896866890119824e+00
7.024327039467067380e+00
7.054621291677488415e+00
7.062405366866335577e+00
7.083250463538921515e+00
7.096954963312586351e+00
7.116720472405395626e+00
7.130259994394346101e+00
7.147111593537781360e+00
7.152249609212270265e+00
7.161642589555468064e+00
7.175918927307461281e+00
7.211533646409303167e+00
7.220725975185317225e+00
7.226655987047863938e+00
7.234526931236299419e+00
7.277928101744749689e+00
7.297357751347312238e+00
7.306247579612041854e+00
7.316455564277807966e+00
7.341544647674055568e+00
7.365797919932687066e+00
7.375979387575588575e+00
7.388319619127561744e+00
7.400475379137975374e+00
7.421362859257585320e+00
7.437409841508488384e+00
7.444654114206658235e+00
7.471034406715221010e+00
7.485174063928191401e+00
7.489826134701223381e+00
7.519151022745283797e+00
7.541676724534136511e+00
7.548472998305874704e+00
7.576831702680717484e+00
7.588191380076792392e+00
7.606914885595772446e+00
7.616381981176236771e+00
7.638145508634171854e+00
7.655628056639287138e+00
7.662228445922039555e+00
7.674313437396066639e+00
7.703553327713107635e+00
7.718600852177913474e+00
7.732678198920761581e+00
7.747035150717046292e+00
7.768242256053667028e+00
7.777832393006872458e+00
7.805438662130958605e+00
7.813846350252124928e+00
7.822851328580179064e+00
7.827791281338190466e+00
7.848931804428500136e+00
7.894986108889607834e+00
7.904016998222359369e+00
7.916109685503918136e+00
7.927018200932150371e+00
7.942949271206956041e+00
7.949515079806169560e+00
7.980457003517304138e+00
7.983245018812411331e+00
7.994424769950323473e+00
8.030534552478034271e+00
8.043439706513243692e+00
8.055743615552167114e+00
8.090380554671597224e+00
8.097458094623862124e+00
8.111262488087863431e+00
8.139196089113880817e+00
8.153278803867944902e+00
8.168601171807027939e+00
8.184622608085422968e+00
8.192240891610600428e+00
8.208535037704956849e+00
8.227635728093824596e+00
8.253259878169156849e+00
8.257828330930985672e+00
8.263471886276230194e+00
8.292794159135652876e+00
8.308596038797146477e+00
8.318853468752759994e+00
8.350794614191604737e+00
8.358736115473247352e+00
8.372059902349745286e+00
8.389477706986573580e+00
8.406216907573755392e+00
8.434365314684965753e+00
8.456405188517745586e+00
8.468435752339193101e+00
8.482628372707685216e+00
8.496724346883569368e+00
8.515371289437066338e+00
8.526813561831785293e+00
8.551910920720763087e+00
8.578309638095305445e+00
8.603590869772151706e+00
8.617025699245296266e+00
8.629790529986056669e+00
8.651279837665979855e+00
8.672555703033765440e+00
8.675607502622435518e+00
8.690790442529996440e+00
8.709681655727109728e+00
8.721860747026472183e+00
8.741332176915383556e+00
8.762399706062929283e+00
8.777061395605716854e+00
8.782431510213003278e+00
8.803455436406432355e+00
8.835207102110487654e+00
8.840711853112365404e+00
8.846337107106538866e+00
8.881717012204120465e+00
8.892127662677394184e+00
8.909818264196555759e+00
8.928086711500196060e+00
8.946546626402946956e+00
8.956291933966650021e+00
8.961601261343686176e+00
8.991040028192056610e+00
8.995816474887607939e+00
9.034367255172925937e+00
9.048313823401475275e+00
9.066217543815614732e+00
9.094501083436036026e+00
9.101222875774173104e+00
9.120110265292433738e+00
9.151130793647299200e+00
9.163672475728786182e+00
9.177237848335073167e+00
9.182098630867047362e+00
9.193518460268519377e+00
9.213650196876516318e+00
9.226116482171113020e+00
9.248786537725768753e+00
9.263262006681085126e+00
9.286019474787847727e+00
9.305649798218158963e+00
9.330298925075702243e+00
9.342480640884923915e+00
9.359503748342161700e+00
9.386161932641595484e+00
9.389798937067153517e+00
9.399010450256577442e+00
9.431198234565995264e+00
9.456273057639434043e+00
9.470933632242182654e+00
9.498234237628544463e+00
9.508537802340820022e+00
9.520363324021264617e+00
9.545989182914041749e+00
9.563267683429389265e+00
9.579290025282162446e+00
9.599862849863486147e+00
9.606695478766592800e+00
9.631797744940284289e+00
9.656801163952318134e+00
9.661961473466432082e+00
9.682570196815666108e+00
9.690501991175660024e+00
9.720616685303781423e+00
9.732926721900724942e+00
9.758150687558194036e+00
9.785662283023514263e+00
9.793168614352715906e+00
9.813201827584384418e+00
9.822771511448841864e+00
9.862566745914651989e+00
9.882000383840139790e+00
9.907214612495602424e+00
9.912977602668453514e+00
9.948422142187048678e+00
9.949587519513219291e+00
9.957588772858128934e+00
9.976519665487963096e+00
1.000537933492363862e+01
1.002841170237131152e+01
1.003224962962518951e+01
1.006773995917262710e+01
1.009087230697470794e+01
1.012513709821342545e+01
1.013142188125935661e+01
1.014869225878629422e+01
1.015642638680240317e+01
1.020857430266812926e+01
1.022599075583120154e+01
1.027260015357487077e+01
1.029521036772370124e+01
1.033226068741223358e+01
1.038980886685250127e+01
1.043636271835927687e+01
