1.747994405708879310e-15
2.462331880972443848e-02
2.462331880972577422e-02
4.924663761944988311e-02
9.788696740969327070e-02
9.788696740969508869e-02
1.225102862194166059e-01
1.225102862194195341e-01
1.957739348193856255e-01
2.179869516232619542e-01
2.179869516232652293e-01
2.426102704329898552e-01
2.426102704329917703e-01
3.158739190329570290e-01
3.158739190329584723e-01
3.819660112501049865e-01
3.819660112501055416e-01
4.065893300598303339e-01
4.065893300598312221e-01
4.359739032465299591e-01
4.798529786597969804e-01
4.798529786597988678e-01
5.857864376269051876e-01
5.857864376269062978e-01
5.999529628733690778e-01
5.999529628733701880e-01
6.104097564366287587e-01
6.104097564366304240e-01
6.836734050365973481e-01
6.836734050365979032e-01
7.639320225002103060e-01
8.037733892501690569e-01
8.037733892501693900e-01
8.244294954150523935e-01
8.244294954150535037e-01
8.490528142247779630e-01
8.490528142247785182e-01
9.223164628247464414e-01
9.223164628247467745e-01
9.677524488770101740e-01
9.677524488770103961e-01
1.042416447038315264e+00
1.042416447038318372e+00
1.092019000520905614e+00
1.092019000520906724e+00
1.116642319330630295e+00
1.116642319330631405e+00
1.171572875253809043e+00
1.189905967930598552e+00
1.189905967930598996e+00
1.206395506665158157e+00
1.206395506665159045e+00
1.310005952144170260e+00
1.310005952144171815e+00
1.381966011250103321e+00
1.381966011250104209e+00
1.406589330059829779e+00
1.406589330059830223e+00
1.410215933041958136e+00
1.410215933041958802e+00
1.473985011771011377e+00
1.473985011771012488e+00
1.479852978659797591e+00
1.479852978659798035e+00
1.599952962873369966e+00
1.599952962873370854e+00
1.648858990830106563e+00
1.677805438147811135e+00
1.677805438147811801e+00
1.687131069919537651e+00
1.687131069919537651e+00
1.711754388729259224e+00
1.711754388729261445e+00
1.763932022500209529e+00
1.763932022500210417e+00
1.785018037329230811e+00
1.785018037329232587e+00
1.905118021542801854e+00
1.905118021542802076e+00
1.916448495935960228e+00
1.916448495935962448e+00
1.967752448877007287e+00
1.967752448877010396e+00
2.000000000000000000e+00
2.000000000000000888e+00
2.024623318809723127e+00
2.024623318809726236e+00
2.069097081169643193e+00
2.069097081169645858e+00
2.097886967409692716e+00
2.097886967409693160e+00
2.184038001041813448e+00
2.206395506665158379e+00
2.206395506665160600e+00
2.217986951623263980e+00
2.217986951623265757e+00
2.272917507546441840e+00
2.272917507546447169e+00
2.312868930080460572e+00
2.312868930080461904e+00
2.337492248890185031e+00
2.337492248890187696e+00
2.381966011250104653e+00
2.381966011250105097e+00
2.410755897490151956e+00
2.410755897490155064e+00
2.473985011771010267e+00
2.473985011771010711e+00
2.511560565334591377e+00
2.511560565334596706e+00
2.530855881703724553e+00
2.530855881703731214e+00
2.585786437626905521e+00
2.585786437626906853e+00
2.618033988749893570e+00
2.618033988749894014e+00
2.642657307559618474e+00
2.642657307559621582e+00
2.694834941330566558e+00
2.694834941330569222e+00
2.715920956159586730e+00
2.715920956159589839e+00
2.763932022500211083e+00
2.779150070440444598e+00
2.779150070440448594e+00
2.824429495415052838e+00
2.824429495415056390e+00
2.836020940373159327e+00
2.836020940373159771e+00
2.898655367707366537e+00
2.898655367707367425e+00
2.907980999479093498e+00
2.907980999479094830e+00
2.932604318288816181e+00
2.932604318288825507e+00
2.999999999999998668e+00
3.000000000000002220e+00
3.005867966888785325e+00
3.005867966888789766e+00
3.069097081169644081e+00
3.069097081169644969e+00
3.092019000520904726e+00
3.092019000520906058e+00
3.125967951102357478e+00
3.125967951102357478e+00
3.137298425495515186e+00
3.137298425495515630e+00
3.175570504584944942e+00
3.175570504584951159e+00
3.200193823394668513e+00
3.200193823394674286e+00
3.203820426376798647e+00
3.203820426376800867e+00
3.273457471994637213e+00
3.273457471994641654e+00
3.289947010729196819e+00
3.289947010729198595e+00
3.374262139839076635e+00
3.381966011250104653e+00
3.381966011250105986e+00
3.393557456208209366e+00
3.393557456208209810e+00
3.404887930601367518e+00
3.404887930601367962e+00
3.414213562373090927e+00
3.414213562373095368e+00
3.438836881182819383e+00
3.438836881182819827e+00
3.442463484164947740e+00
3.442463484164949516e+00
3.493767437105996798e+00
3.493767437105998130e+00
3.512100529782786751e+00
3.512100529782788971e+00
3.557536515835048707e+00
3.557536515835054924e+00
3.618033988749892682e+00
3.618033988749894903e+00
3.632200513996359348e+00
3.632200513996359792e+00
3.642657307559618030e+00
3.642657307559618918e+00
3.687131069919535431e+00
3.687131069919539428e+00
3.694834941330564781e+00
3.694834941330568334e+00
3.710052989270800960e+00
3.710052989270802293e+00
3.715920956159586286e+00
3.715920956159588950e+00
3.732410494894147224e+00
3.732410494894149444e+00
3.761356942211850907e+00
3.761356942211851795e+00
3.782013048376728914e+00
3.782013048376733355e+00
3.796179573623196912e+00
3.796179573623198245e+00
3.806636367186459591e+00
3.806636367186461367e+00
3.836020940373158439e+00
3.836020940373158883e+00
3.879900015786425183e+00
3.879900015786428291e+00
3.902113032590306840e+00
3.902113032590308173e+00
3.926736351400025526e+00
3.926736351400029079e+00
3.975376681190273320e+00
3.975376681190273320e+00
3.999999999999992895e+00
3.999999999999994227e+00
3.999999999999995115e+00
3.999999999999996003e+00
3.999999999999996891e+00
3.999999999999997335e+00
3.999999999999997335e+00
3.999999999999998668e+00
3.999999999999998668e+00
3.999999999999999556e+00
3.999999999999999556e+00
4.000000000000000000e+00
4.000000000000000888e+00
4.000000000000000888e+00
4.000000000000001776e+00
4.000000000000001776e+00
4.000000000000001776e+00
4.000000000000004441e+00
4.000000000000004441e+00
4.073263648599969144e+00
4.073263648599970921e+00
4.120099984213568156e+00
4.120099984213571709e+00
4.163979059626837120e+00
4.163979059626838897e+00
4.193363632813530195e+00
4.193363632813539077e+00
4.203820426376795538e+00
4.203820426376799091e+00
4.238643057788145541e+00
4.238643057788149093e+00
4.267589505105850556e+00
4.267589505105851444e+00
4.284079043840407053e+00
4.284079043840417711e+00
4.289947010729188825e+00
4.289947010729196819e+00
4.305165058669429889e+00
4.305165058669431666e+00
4.312868930080453467e+00
4.312868930080462349e+00
4.357342692440381526e+00
4.357342692440381526e+00
4.367799486003637988e+00
4.367799486003641540e+00
4.442463484164942855e+00
4.442463484164946408e+00
4.487899470217208808e+00
4.487899470217213249e+00
4.506232562893998761e+00
4.506232562894002314e+00
4.557536515835051816e+00
4.557536515835052704e+00
4.561163118817175288e+00
4.561163118817175288e+00
4.595112069398629373e+00
4.595112069398633814e+00
4.606442543791786193e+00
4.606442543791787081e+00
4.618033988749887797e+00
4.618033988749894014e+00
4.625737860160922033e+00
4.710052989270796076e+00
4.710052989270798740e+00
4.726542528005353461e+00
4.726542528005358790e+00
4.796179573623200021e+00
4.796179573623203574e+00
4.799806176605327046e+00
4.799806176605327934e+00
4.862701574504484370e+00
4.862701574504486146e+00
4.874032048897641189e+00
4.874032048897642078e+00
4.907980999479089945e+00
4.907980999479097939e+00
4.930902918830351922e+00
4.930902918830356363e+00
4.994132033111210234e+00
4.994132033111211122e+00
4.999999999999997335e+00
4.999999999999999112e+00
5.067395681711176714e+00
5.067395681711179378e+00
5.101344632292629910e+00
5.101344632292637016e+00
5.163979059626838897e+00
5.163979059626840673e+00
5.175570504584944942e+00
5.175570504584946718e+00
5.220849929559554070e+00
5.220849929559556735e+00
5.236067977499791581e+00
5.284079043840407053e+00
5.284079043840410606e+00
5.305165058669431666e+00
5.305165058669435219e+00
5.357342692440375309e+00
5.357342692440380638e+00
5.414213562373091371e+00
5.414213562373098476e+00
5.469144118296272339e+00
5.469144118296275003e+00
5.488439434665401961e+00
5.488439434665409067e+00
5.526014988228985736e+00
5.526014988228985736e+00
5.589244102509838719e+00
5.589244102509839607e+00
5.618033988749886909e+00
5.618033988749894014e+00
5.662507751109807863e+00
5.662507751109813192e+00
5.727082492453545726e+00
5.727082492453552831e+00
5.782013048376732023e+00
5.782013048376735576e+00
5.793604493334837180e+00
5.793604493334841621e+00
5.815961998958186108e+00
5.902113032590305508e+00
5.902113032590308173e+00
5.930902918830355475e+00
5.930902918830355475e+00
5.975376681190268435e+00
5.975376681190276429e+00
6.032247551122988938e+00
6.032247551122991602e+00
6.083551504064036664e+00
6.083551504064039328e+00
6.094881978457197924e+00
6.094881978457197924e+00
6.214981962670767857e+00
6.214981962670770521e+00
6.236067977499788029e+00
6.236067977499788917e+00
6.288245611270731672e+00
6.288245611270731672e+00
6.322194561852185757e+00
6.322194561852186645e+00
6.351141009169893437e+00
6.400047037126628702e+00
6.400047037126637584e+00
6.520147021340195970e+00
6.520147021340196858e+00
6.526014988228983071e+00
6.526014988228986624e+00
6.589784066958033648e+00
6.589784066958044306e+00
6.593410669940168667e+00
6.593410669940173996e+00
6.689994047855826409e+00
6.689994047855827297e+00
6.793604493334836292e+00
6.793604493334841621e+00
6.810094032069391012e+00
6.810094032069399894e+00
6.828427124746188959e+00
6.883357680669363710e+00
6.883357680669372591e+00
6.957583552961678741e+00
6.957583552961679629e+00
7.032247551122985385e+00
7.032247551122995155e+00
7.077683537175246897e+00
7.077683537175248674e+00
7.150947185775218706e+00
7.150947185775220483e+00
7.196226610749825170e+00
7.196226610749836716e+00
7.236067977499789805e+00
7.316326594963398655e+00
7.316326594963400431e+00
7.389590243563366023e+00
7.389590243563366911e+00
7.400047037126626925e+00
7.400047037126631366e+00
7.520147021340200411e+00
7.520147021340202187e+00
7.564026096753471151e+00
7.593410669940164226e+00
7.593410669940166002e+00
7.684126080967027761e+00
7.684126080967041084e+00
7.757389729567008452e+00
7.757389729567011116e+00
7.804226065180615457e+00
7.877489713780575720e+00
7.877489713780586378e+00
7.950753362380548417e+00
