5.051514762044462259e-15
3.729452169032173581e-01
3.731834982979173043e-01
3.740174494571278929e-01
3.741078900660891882e-01
5.395893661526921514e-01
5.414961329667256074e-01
9.345883506782477479e-01
9.357856962591916128e-01
1.370119794180205908e+00
1.371378864228237626e+00
1.373669338033317588e+00
1.376157559950698550e+00
1.381690286733136874e+00
1.385577922267513973e+00
1.386746807616349608e+00
1.388804632900829450e+00
2.036613177800307817e+00
2.040000208407284799e+00
2.045034282502920853e+00
2.048629162543986748e+00
2.072899579387609492e+00
2.077875446718667085e+00
2.581062388971547161e+00
2.582720463040021563e+00
2.584307244347809451e+00
2.586754294984380920e+00
2.596950621174124674e+00
2.599226156312616443e+00
2.601705019107263261e+00
2.605385406290094075e+00
3.172705931474165464e+00
3.181446011373758154e+00
3.186650212588620246e+00
3.188079118184633742e+00
3.195903608909226534e+00
3.196588419930347591e+00
3.202240960313306406e+00
3.212246196627269512e+00
3.226432462012551738e+00
3.234030221445103326e+00
3.237259181792065732e+00
3.244495493627898686e+00
3.476245629479302490e+00
3.482774740300468519e+00
3.488678196865186543e+00
3.491362429600538331e+00
4.270880604150327109e+00
4.275258087841782739e+00
4.281486605085674135e+00
4.295575538932101978e+00
4.301437734892298970e+00
4.306556619174151557e+00
4.307163823527649704e+00
4.316220190947420932e+00
4.340794116512913803e+00
4.347474259694933174e+00
5.444427434273657163e+00
5.447140386068141105e+00
5.472817413172228918e+00
5.485092707910034449e+00
5.490113797176073618e+00
5.506035715172952649e+00
6.377400864446369333e+00
6.865978892830222335e+00
6.877775441952999280e+00
6.885894856464803482e+00
6.892705968644460945e+00
6.899200261801492928e+00
6.906683694415330699e+00
6.908935470596826001e+00
6.909593677010557045e+00
6.915822192970240145e+00
6.918268748658300993e+00
6.920966796089074613e+00
6.928990994631426759e+00
6.932285519105699123e+00
6.932407938132488567e+00
6.934992279173885166e+00
6.940216696429185816e+00
6.942806300778489259e+00
6.947035836832529121e+00
6.947272585194554928e+00
6.953340097696750099e+00
6.956956844075736335e+00
6.960216865223250338e+00
6.965276327806418699e+00
6.966296486189498260e+00
6.966964752753310286e+00
6.968392587116436943e+00
6.970483292827756472e+00
6.972695979499406782e+00
6.974709925958904044e+00
6.978156979651014780e+00
6.978266762289542235e+00
6.980010832134509791e+00
6.980327084001766380e+00
6.981181865314188606e+00
6.985076442752415460e+00
6.985781516986240725e+00
6.988657774338845385e+00
6.994676722186445872e+00
6.996995500340418062e+00
6.998701023760260043e+00
6.999817983716923209e+00
7.005953734699953195e+00
7.006376155532890948e+00
7.007885661785637765e+00
7.009734061022662388e+00
7.020911290195819277e+00
7.022354691955898787e+00
7.023273286421567008e+00
7.023641902677852933e+00
7.024920570282574772e+00
7.025227885526394545e+00
7.028908128601694116e+00
7.034113490427691850e+00
7.034603174146025317e+00
7.039289457491348934e+00
7.039568064537458980e+00
7.040968311021845061e+00
7.042101374250588464e+00
7.043300778636385928e+00
7.043717854944336665e+00
7.044026125057873955e+00
7.050245466377772274e+00
7.051957626681068625e+00
7.052162131225797381e+00
7.056281029200836663e+00
7.056717532254618064e+00
7.057469180240355300e+00
7.058101421432191991e+00
7.061311325966377339e+00
7.062359980248616331e+00
7.063665761588073799e+00
7.064152961024134036e+00
7.065827970358121490e+00
7.068375732672882883e+00
7.069524056299038683e+00
7.070662578827592526e+00
7.071580850738762969e+00
7.073499438636626557e+00
7.074308441225761079e+00
7.075398285594606484e+00
7.076291646279077696e+00
7.076630418080118723e+00
7.077281352794691394e+00
7.077686796547506987e+00
7.078853666563236224e+00
7.079315915205721232e+00
7.079937161483288222e+00
7.081782763698757144e+00
7.081956516999848184e+00
7.082219950618460658e+00
7.084646072668935091e+00
7.085836050656632246e+00
7.086197230266598979e+00
7.088035807695101553e+00
7.088380127010044163e+00
7.089781692570934268e+00
7.091934435226161071e+00
7.093132143987687321e+00
7.093855792311912545e+00
7.096238612906214271e+00
7.097591102635613325e+00
7.097978813063877013e+00
7.098487149622810577e+00
7.099553970165280781e+00
7.100297661724000342e+00
7.102036612327504272e+00
7.103741232654196658e+00
7.103918621417007806e+00
7.106294916109143323e+00
7.107410234257994119e+00
7.107597773099602279e+00
7.108435824583326124e+00
7.108938552362528362e+00
7.109758339451468068e+00
7.109798600850062655e+00
7.112805015523327334e+00
7.113143774617060267e+00
7.114163146871351984e+00
7.114448218633356191e+00
7.115009889824401412e+00
7.116895733938947366e+00
7.117682695588178454e+00
7.118384534618825477e+00
7.119914375622351521e+00
7.120560980740999746e+00
7.121561811339210735e+00
7.122787125690487997e+00
7.124010788918753612e+00
7.125370781362257766e+00
7.126250200059949691e+00
7.127972721369542519e+00
7.129166085935917607e+00
7.130644739878899685e+00
7.131810712609896186e+00
7.133234251979903462e+00
7.134526198943405895e+00
7.136022028955524732e+00
7.136451853970200432e+00
7.139398261929033929e+00
7.139481378047022098e+00
7.140101294933326237e+00
7.142103449515405877e+00
7.143132380467107190e+00
7.143683555686151543e+00
7.145848640434087073e+00
7.146820930770312330e+00
7.147325236531242076e+00
7.148351509443155116e+00
7.148684913587030287e+00
7.150426547576436143e+00
7.151219466403534675e+00
7.151688092089032445e+00
7.152889972771775184e+00
7.154107137710421505e+00
7.155113621618471420e+00
7.155519981924075346e+00
7.156539091272803965e+00
7.157079275415792807e+00
7.158891770058569470e+00
7.159984771639977374e+00
7.160595292753045626e+00
7.162070391715689155e+00
7.162985758088185939e+00
7.163928914088749877e+00
7.164643874835477710e+00
7.165379142234817422e+00
7.165873283721158948e+00
7.168209574615045376e+00
7.169377330420839911e+00
7.170864615832208244e+00
7.171817484174639823e+00
7.174121065428316513e+00
7.174808980669508784e+00
7.175546468614988349e+00
7.175689752761634566e+00
7.177195406346794648e+00
7.178332223951975344e+00
7.178949122815549977e+00
7.180410346250949871e+00
7.182175264448856566e+00
7.183738683389503166e+00
7.184823928670433624e+00
7.185339542155609216e+00
7.186179796826557720e+00
7.186570687450362982e+00
7.187531165015774270e+00
7.189993928790157973e+00
7.190695919516557844e+00
7.191457348346098399e+00
7.192317130557382754e+00
7.192675550469726176e+00
7.193496137866957518e+00
7.195626170644608521e+00
7.196223040065792276e+00
7.196743903455537605e+00
7.197541723536819980e+00
7.199377368456287840e+00
7.199775312148942952e+00
7.202065438428459920e+00
7.204023285660179354e+00
7.204578584928113649e+00
7.204884162222575661e+00
7.206146817482943057e+00
7.206528938915266913e+00
7.207931462179802296e+00
7.208935206840431320e+00
7.209303514080982467e+00
7.210916506144900318e+00
7.212313715393449343e+00
7.213940548343676262e+00
7.214501376378684050e+00
7.216546294413413776e+00
7.217250477695344557e+00
7.217883392981097046e+00
7.218885676943969543e+00
7.219520047153983100e+00
7.220924850219619273e+00
7.221250873266166437e+00
7.222615898671866930e+00
7.225520012814462767e+00
7.225963206479382173e+00
7.226829183883230812e+00
7.228794072239668189e+00
7.229593505439423140e+00
7.230890278688592687e+00
7.231871441201078277e+00
7.232341119854779343e+00
7.233767262962714106e+00
7.233942776993764312e+00
7.235303809974507061e+00
7.237393652504334973e+00
7.239151121713837789e+00
7.239536949189023574e+00
7.240303527098231662e+00
7.241720078664891425e+00
7.243209667246492955e+00
7.243515911665559415e+00
7.244594136416402819e+00
7.245492469684663206e+00
7.247165441161294019e+00
7.248212729650206576e+00
7.248650049344922408e+00
7.249673861214488646e+00
7.252136770944901834e+00
7.252510348301130172e+00
7.253974192395614473e+00
7.255408859502708196e+00
7.256058689060763456e+00
7.257692011614829575e+00
7.259151095614877036e+00
7.259922067224287900e+00
7.262816604857268210e+00
7.264392914141377666e+00
7.265307114564398816e+00
7.265761892275761191e+00
7.267139295851589686e+00
7.267902093027946542e+00
7.269007814097216524e+00
7.270373323976947688e+00
7.274425945063815568e+00
7.274441921498068453e+00
7.275797784402352697e+00
7.276577518960731794e+00
7.277374386761840341e+00
7.279065634721922251e+00
7.280292483016761906e+00
7.282296607356379958e+00
7.282385221752048388e+00
7.283530464488817913e+00
7.284099219499695188e+00
7.284694229952460631e+00
7.285320542668718424e+00
7.287805395611630210e+00
7.289809156980078697e+00
7.291276628281250005e+00
7.292322048865917949e+00
7.293031716303897127e+00
7.293460077373640438e+00
7.295353602067734755e+00
7.295400303825687160e+00
7.297041717379026515e+00
7.297585859786475559e+00
7.299231212507841349e+00
7.300956839842528190e+00
7.302151462608609478e+00
7.303805203226233722e+00
7.305907324643174050e+00
7.306439239336074642e+00
7.308458836012905024e+00
7.309190142488093400e+00
7.310590658363397054e+00
7.311588227001548645e+00
7.314129832705047463e+00
7.316711533396681233e+00
7.317107523234608557e+00
7.318496035510706932e+00
7.318650690531631753e+00
7.320234459210671396e+00
7.321296195786850092e+00
7.326542644124833359e+00
7.327617079426270053e+00
7.329368890050361962e+00
7.331589361954136130e+00
7.332007506728271728e+00
7.334254474210986530e+00
7.336024843659656014e+00
7.337839791079470153e+00
7.338963545724094928e+00
7.339174167718474528e+00
7.341405879112835819e+00
7.343117879972730577e+00
7.344454184090509763e+00
7.346031563313117907e+00
7.347225270340280723e+00
7.350391572047047184e+00
7.351324593160423859e+00
7.351639500547022976e+00
7.353421651834252337e+00
7.355157042825064551e+00
7.355941594503529579e+00
7.357203521994489570e+00
7.358372512041775337e+00
7.359560263586243600e+00
7.361262474688426316e+00
7.362704345235707493e+00
7.364047808092148095e+00
7.365986302372783179e+00
7.366709039994217889e+00
7.367448472182287489e+00
7.369449474812411971e+00
7.371313999397247407e+00
7.372115363816776679e+00
7.372641785148815075e+00
7.376993239349416420e+00
7.378365041183624129e+00
7.380577967748541468e+00
7.380679975618910760e+00
7.382924410915165936e+00
7.384137348267469037e+00
7.387589144614101322e+00
7.388532863087283076e+00
7.390123548561684963e+00
7.391276349829767334e+00
7.392403844367144927e+00
7.392887887352850740e+00
7.393623847995893783e+00
7.396887323028724204e+00
7.397132017033218432e+00
7.399664222070298614e+00
7.400666945174477540e+00
7.401411070788133095e+00
7.403863606299205813e+00
7.405295275042737657e+00
7.408821891034168772e+00
7.410379902092073756e+00
7.410893557865199099e+00
7.411619301420095951e+00
7.411659673277511295e+00
7.415397217386408890e+00
7.416591287028222901e+00
7.423571609394877591e+00
7.436597991381859174e+00
7.438420126262571763e+00
7.440479990006455324e+00
7.442265841369426482e+00
7.442600325992198229e+00
7.447360286724689971e+00
7.453179622434747742e+00
7.453725998101002226e+00
7.457603520551525200e+00
7.462473337739891299e+00
7.464160511740971948e+00
7.469730259806335759e+00
7.476091171712708316e+00
7.481700844685621021e+00
7.482264546281665041e+00
7.494407611733045371e+00
7.497549320319044419e+00
7.500466027179202300e+00
7.508945380807633185e+00
7.523087713474243543e+00
7.534581041737104634e+00
7.597283172545365559e+00
7.598145741593130609e+00
8.043633134014839925e+00
8.887779541069178890e+00
8.889000643086683695e+00
8.909498920377101783e+00
8.949051612982170667e+00
8.968394716942212241e+00
8.996500303186087066e+00
1.001712676934755386e+01
1.005541071336182846e+01
1.006183659975551592e+01
1.007605179487880065e+01
1.008402168793461051e+01
1.010118817565590454e+01
1.012642613232232591e+01
1.013045827342234695e+01
1.016417972554066296e+01
1.017597045250190035e+01
1.086424511336446308e+01
1.090753903955307536e+01
1.093218676636067421e+01
1.094608814205276026e+01
1.111531370346959058e+01
1.113855493774581973e+01
1.113947971798594772e+01
1.116843533998641291e+01
1.118136244178518801e+01
1.118935049000550563e+01
1.119349908558752382e+01
1.120657700295900483e+01
1.123243093930972236e+01
1.127064069402758939e+01
1.127482059758157185e+01
1.128584552933215512e+01
1.175526550119537639e+01
1.176649132183327140e+01
1.179366651705503699e+01
1.181387514846129960e+01
1.182324963375975813e+01
1.184016988331523557e+01
1.186761420707942527e+01
1.187025405560678060e+01
1.230106524106601107e+01
1.232543646386446490e+01
1.234764251009185543e+01
1.235823496058295135e+01
1.237758488303455984e+01
1.242472798252676824e+01
1.296255531346528223e+01
1.298310904190468307e+01
1.299141708521128002e+01
1.300845680302906615e+01
1.303773856112664653e+01
1.305412273452093430e+01
1.307641799350171752e+01
1.312966525319195021e+01
1.346728174791328492e+01
1.348278980122256243e+01
1.384210922358411189e+01
1.388458925140402123e+01
1.400354784053660318e+01
1.403031968383076311e+01
1.405627083147526868e+01
1.408901673569485347e+01
1.441924309227066558e+01
