-1.627271247980378865e-14
1.279347851666501334e+00
1.303714216512783075e+00
1.319560527382473758e+00
1.342549673855222059e+00
1.384706856277941434e+00
1.399119385227917567e+00
1.409839786373202175e+00
1.422593174031575591e+00
1.427335809673025535e+00
1.455756248379828754e+00
1.485216190618869891e+00
1.496566660197894638e+00
1.506552069962558749e+00
1.526992528795036108e+00
1.540838410682814574e+00
1.560854413612475122e+00
1.568077883065394973e+00
1.581879513147591787e+00
1.592146515013455055e+00
1.594798210555161244e+00
1.615770676759769708e+00
1.619805945157237304e+00
1.629106181607264059e+00
1.631679636806755651e+00
1.645219213744833819e+00
1.651164432946128802e+00
1.663186728857584784e+00
1.671141761097655998e+00
1.686037889979814297e+00
1.709400642527727276e+00
1.713543674607498124e+00
1.727744309745823825e+00
1.733838836729753918e+00
1.753519096050295767e+00
1.761377873762537405e+00
1.767379581464071370e+00
1.778081137084697394e+00
1.797559526024877785e+00
1.808138323480898313e+00
1.808912732392242928e+00
1.815350715399766335e+00
1.836683904261618983e+00
1.851205339065294497e+00
1.857117071666813279e+00
1.865387121144243876e+00
1.884000445604035789e+00
1.889683967160187272e+00
1.895772722736871030e+00
1.904379718689404921e+00
1.917854277017198017e+00
1.927982628938134324e+00
1.930658030834555783e+00
1.940757129417716831e+00
1.948286993356261210e+00
1.964522830256715036e+00
1.974427224409226245e+00
1.992872958660620419e+00
1.996294756089165512e+00
2.005066535290039198e+00
2.012400899975560709e+00
2.021005800452760237e+00
2.029526004543225959e+00
2.035568795144848675e+00
2.050705926145109270e+00
2.058249726280446001e+00
2.066066304750654670e+00
2.076894042085313252e+00
2.085287985599065586e+00
2.096997520208736088e+00
2.101325612358094563e+00
2.125006627529709480e+00
2.132916091503355371e+00
2.137713182856640248e+00
2.153898698887931396e+00
2.157701024556255121e+00
2.166099123253173442e+00
2.182164081397653721e+00
2.195570929480328282e+00
2.200149943465619984e+00
2.208408808782661215e+00
2.209442176090330001e+00
2.219629299693734126e+00
2.229124351855817476e+00
2.230713901981316472e+00
2.248155093967011187e+00
2.259245733972864656e+00
2.265544597061148302e+00
2.269584049801923076e+00
2.279916932984832112e+00
2.284219992534097798e+00
2.297635878212961114e+00
2.316345891543593272e+00
2.319638358110848841e+00
2.325636125572310586e+00
2.330683094530445310e+00
2.345407089533734002e+00
2.354726583235246196e+00
2.364618101002931461e+00
2.367928890702032163e+00
2.374586037865054067e+00
2.378676940726347055e+00
2.383820616652301716e+00
2.401076864063332650e+00
2.416400419192611615e+00
2.421340424281617221e+00
2.428758385521608165e+00
2.434143805306514530e+00
2.436494432550734057e+00
2.445843905761022175e+00
2.453621573808450584e+00
2.456310777403364565e+00
2.462085018492303323e+00
2.471632453663624496e+00
2.484123579113279856e+00
2.501630255708229722e+00
2.509202785114884371e+00
2.511398587118558900e+00
2.521053486599953430e+00
2.528955510031834386e+00
2.540347329094477580e+00
2.547080932526640584e+00
2.563414104282840889e+00
2.567684903379898742e+00
2.575416896712553694e+00
2.578310587346834826e+00
2.588991257696441117e+00
2.598587287029431092e+00
2.600752964582054183e+00
2.614486939782116437e+00
2.616712559071148636e+00
2.627828693189376175e+00
2.635973776690786252e+00
2.643723178969955789e+00
2.650437075354114214e+00
2.659283252863418490e+00
2.662647564244267517e+00
2.670124310907443288e+00
2.677292738175244047e+00
2.679856983329699016e+00
2.694334157872949831e+00
2.699339115112485477e+00
2.701785597688414420e+00
2.712003985078775603e+00
2.721650958124181230e+00
2.728374987840086696e+00
2.735413231283989610e+00
2.736513836578442493e+00
2.757296823650566608e+00
2.763300022394830080e+00
2.769991618806767253e+00
2.776549929654815507e+00
2.780280265582948385e+00
2.794903022179236363e+00
2.796603298797615267e+00
2.802974285253132969e+00
2.805072410450300424e+00
2.809123221446887975e+00
2.814621525219946907e+00
2.819472030145694585e+00
2.825838035451632813e+00
2.834940902662408835e+00
2.837762675842281812e+00
2.842069518437755349e+00
2.846755342108950426e+00
2.852590764216707431e+00
2.858232058291045874e+00
2.861955824450371555e+00
2.867209282425217332e+00
2.874308343228312967e+00
2.880894269500825722e+00
2.886994562678435461e+00
2.891199849059705951e+00
2.895089672543532000e+00
2.898121558183160307e+00
2.900972854602121842e+00
2.910982255733745472e+00
2.917667039826979281e+00
2.920379217862893118e+00
2.922010993303981508e+00
2.928877067638380627e+00
2.930327033652491586e+00
2.937805907776553482e+00
2.944436610021733181e+00
2.945820264546772371e+00
2.949974600351205734e+00
2.953364039279008146e+00
2.956241338318262191e+00
2.958486171686931954e+00
2.964272104046136835e+00
2.968906355696198762e+00
2.972323911146713016e+00
2.974695037992680202e+00
2.976079170351284997e+00
2.979585925238592115e+00
2.980374969104277127e+00
2.983267196176693226e+00
2.986950996760250110e+00
2.989269452380719727e+00
2.991994150518598072e+00
2.992550980658709836e+00
2.994530369337349285e+00
2.996343644615826918e+00
2.998180989713308264e+00
3.006753894772616675e+00
3.037607748559783438e+00
3.080542829953156314e+00
3.100164974931860939e+00
3.128430239960352299e+00
3.142346889753850459e+00
3.158751799807759664e+00
3.184381195276852594e+00
3.216244581693479709e+00
3.226142232884583017e+00
3.268533279318666107e+00
3.279680958367432453e+00
3.308441834197255460e+00
3.342919694326706992e+00
3.347819566464964147e+00
3.371940340259493851e+00
3.376489075663286155e+00
3.395800441807927061e+00
3.407386367611317191e+00
3.436990095935829714e+00
3.447083434363397370e+00
3.467798272102322166e+00
3.480880541999215261e+00
3.502019697928506314e+00
3.535324701587094776e+00
3.553080430760454878e+00
3.580471558811898714e+00
3.590691854232607838e+00
3.613517069498950463e+00
3.635759469140235733e+00
3.639680064806994242e+00
3.648115738098006045e+00
3.663372569679794299e+00
3.680354279601444567e+00
3.733727609468691533e+00
3.755560779865082299e+00
3.762870615334813706e+00
3.783447772048242008e+00
3.811955932768061661e+00
3.826947401169128238e+00
3.844999470062723912e+00
3.856036248281691670e+00
3.882578887955194791e+00
3.884023483360978801e+00
3.904023175526944556e+00
3.913132844875789385e+00
3.926997104655872040e+00
3.961506695488572483e+00
3.978077894832313888e+00
3.996071465585572913e+00
4.006244746717237959e+00
4.020463051651963937e+00
4.056221652518264165e+00
4.085335876485377327e+00
4.101317929731264300e+00
4.114146592803430202e+00
4.135385104998840156e+00
4.148421639057787935e+00
4.176938215081822392e+00
4.191157142051428863e+00
4.208637888269320726e+00
4.215569112128664031e+00
4.231948887057980002e+00
4.250782106881550781e+00
4.261820247469250589e+00
4.267800257041041156e+00
4.276144227375880291e+00
4.279954461101659113e+00
4.315567443708137496e+00
4.335884156841972370e+00
4.350158447156045050e+00
4.369719095106262330e+00
4.390104263385369521e+00
4.400255527024538260e+00
4.417724881765984435e+00
4.421381609746033448e+00
4.444803881368275533e+00
4.454236257902156382e+00
4.465015818537778181e+00
4.486038376627881519e+00
4.494580324732407206e+00
4.498907896950605334e+00
4.507854759460486527e+00
4.532433869948057747e+00
4.555002761157027180e+00
4.561580306215504699e+00
4.572420459251706149e+00
4.586107580903833636e+00
4.604820135266736614e+00
4.615668808778442767e+00
4.663423593962255254e+00
4.674815524624444052e+00
4.709688485209217568e+00
4.752307007009177298e+00
4.776545492762590328e+00
4.813019962469706314e+00
4.830826179169533496e+00
4.833644434745682616e+00
4.852885087429660516e+00
4.904762434516842795e+00
4.933208412347638294e+00
4.959083964225872165e+00
4.969599577504248522e+00
5.001922466153495783e+00
5.030395261809007756e+00
5.041024151658798580e+00
5.050585269776242114e+00
5.078267144180195203e+00
5.125312037350672867e+00
5.141174862690351510e+00
5.144877950422896973e+00
5.187243655534381048e+00
5.203824279472765824e+00
5.210804051382126545e+00
5.258525009440567999e+00
5.274060384002016377e+00
5.302660595154378598e+00
5.324445880774133499e+00
5.352204901477459309e+00
5.356570678013381048e+00
5.380998927090603345e+00
5.407196759052448343e+00
5.414418703662299492e+00
5.445780063165640783e+00
5.454089975347036656e+00
5.473454025777643395e+00
5.490147378259109701e+00
5.497728823461096148e+00
5.532410176062135143e+00
5.546126818419559790e+00
5.573485866309780157e+00
5.585600248431231485e+00
5.595679349174646156e+00
5.624495930180543724e+00
5.650272178768545039e+00
5.668674956939001142e+00
5.688206508529756178e+00
5.714916826078786372e+00
5.731301401548693164e+00
5.755111522239015009e+00
5.780014047759562068e+00
5.817195946006140872e+00
5.870082879391299358e+00
5.891223534964898256e+00
5.928171648128373050e+00
5.935399926091426082e+00
5.977533486508749050e+00
6.036726502721345256e+00
6.091867710538607206e+00
6.118936613893962040e+00
6.139556139578647986e+00
6.195406528719812123e+00
6.212446896312570743e+00
6.255680690509676012e+00
6.286027763927542367e+00
6.305576400934720382e+00
6.380802588488232452e+00
6.390078992277585357e+00
6.413111496649665177e+00
6.449974112099348567e+00
6.478783532769817555e+00
6.499748838090817493e+00
6.518166722411043779e+00
6.558553589716062504e+00
6.591077934967486840e+00
6.633034535978847401e+00
6.654292912959657968e+00
6.674440678703059682e+00
6.708313854540627119e+00
6.773989287427290229e+00
6.825173961056639982e+00
6.843435360743676199e+00
6.865733235970951753e+00
6.914635524715827763e+00
6.949765350331647440e+00
6.976252006089550761e+00
6.996127059256059155e+00
6.998973492523220763e+00
7.091742845560304431e+00
7.120666591444490656e+00
7.142090044978881558e+00
7.157377133493563193e+00
7.225548089812519059e+00
7.304346788810335944e+00
7.382181349745422061e+00
7.384001981050326791e+00
7.420771414305233904e+00
7.471984833131180892e+00
7.494438395499355643e+00
7.553243049605915083e+00
7.609681640018015614e+00
7.638057351285404195e+00
7.670490592411174369e+00
7.713750324882196807e+00
7.750497122515132453e+00
7.841977731511772021e+00
7.904020225230831365e+00
7.935772546562569474e+00
7.985821557948630911e+00
8.009521556353258021e+00
8.102187957806791019e+00
8.142372275076912302e+00
8.156510684984665360e+00
8.212741694500838463e+00
8.245646972310817446e+00
8.320091941913673850e+00
8.345076860071804603e+00
8.420144586582043900e+00
8.499403754697624436e+00
8.550664711872430601e+00
8.617354229768832141e+00
8.650782007589270961e+00
8.690604703955489896e+00
8.694400397287285642e+00
8.723357894107415689e+00
8.786430508850406440e+00
8.849228151150599686e+00
8.865819584584254898e+00
8.871770614760965401e+00
8.981172772999128640e+00
9.017003577885349230e+00
9.036535019714653671e+00
9.123545434192591230e+00
9.164516454628961029e+00
9.180467064731223203e+00
9.225062401409882540e+00
9.409515617954026467e+00
9.451962279769988484e+00
9.513986933879538199e+00
9.671064857036594020e+00
9.808268852710961383e+00
9.874064589523268154e+00
1.010721214696181391e+01
1.029726492980411656e+01
1.032151698862849010e+01
1.041665776215716654e+01
1.048425577156175237e+01
1.061854716409006016e+01
1.069963539443519629e+01
1.078542426924053110e+01
1.081597418757489493e+01
1.090527991076760017e+01
1.106628750056778721e+01
1.115756910492567755e+01
1.162464083646186985e+01
1.186645329731562271e+01
1.195556114160489791e+01
1.196905487012511493e+01
1.203806502878458318e+01
1.210245722420202164e+01
1.220890159987287404e+01
1.241944456149125209e+01
1.246078062030102984e+01
1.255020981792242907e+01
1.291338330958006075e+01
1.297533145594328019e+01
1.309787123822804134e+01
1.324806076224657225e+01
1.340232016152656058e+01
1.391071969414746334e+01
1.396319616068288738e+01
1.420217915191856051e+01
1.452604349196585609e+01
1.458905175395037901e+01
1.507971553246388119e+01
1.529254006021676382e+01
1.555902404751252988e+01
1.580880853205578696e+01
1.611253644957473341e+01
1.645381330704370626e+01
1.656962430030474920e+01
1.665554079530262044e+01
1.709148180713825127e+01
1.753652079303494560e+01
1.766693001773391103e+01
1.789587324696942616e+01
1.816427949945812514e+01
1.904113205771469097e+01
1.937417671778569428e+01
2.000890464013684777e+01
2.111530769841602506e+01
2.134052161669748315e+01
2.176680158939376142e+01
2.224468022026927017e+01
2.286648660655163212e+01
2.603246633016343736e+01
2.625292964089702252e+01
2.879872615398941704e+01
3.125125381167994476e+01
3.228762126532585341e+01
3.473142898884731977e+01
3.540537725583374140e+01
3.745369345284494500e+01
4.630790602245529186e+01
5.509424642250007764e+01
8.111885480073266308e+01
