9.439506124606955707e-16
1.115725862059557538e-01
2.725933896874574991e-01
2.725933896874641604e-01
5.788998633802334703e-01
7.332748874284423790e-01
8.082693922727437474e-01
1.071796769724493448e+00
1.071796769724495890e+00
1.366979989008611174e+00
1.665178445914937910e+00
1.815869061686246511e+00
1.841661755753013496e+00
1.841661755753015495e+00
2.343145750507615865e+00
2.343145750507623415e+00
2.493346004528682158e+00
2.785297887871442946e+00
3.055728090000843888e+00
3.202652239785656274e+00
3.255346661880620385e+00
3.298689011355700806e+00
3.298689011355702583e+00
3.885026985574037361e+00
3.999999999999971134e+00
3.999999999999986233e+00
3.999999999999994227e+00
3.999999999999999556e+00
4.000000000000000888e+00
4.000000000000001776e+00
4.000000000000004441e+00
4.000000000000007994e+00
4.202161793159280734e+00
4.519537564385916362e+00
4.608963739909699875e+00
4.608963739909703428e+00
4.990886901553972521e+00
5.034680441686015584e+00
5.071796769724490339e+00
5.071796769724495668e+00
5.442057203859585357e+00
5.732025264352970773e+00
5.929447639179829643e+00
5.929447639179834972e+00
6.105496967168397404e+00
6.191443249609045907e+00
6.282836213546581838e+00
6.343145750507617642e+00
6.343145750507620306e+00
6.894072218429595722e+00
6.992626058458684568e+00
7.019220531335560231e+00
7.019220531335570001e+00
7.034806948328373721e+00
7.267525743893961554e+00
7.495869997558019193e+00
7.495869997558022746e+00
7.504599030229875289e+00
7.999999999999981348e+00
7.999999999999982236e+00
7.999999999999983125e+00
7.999999999999984901e+00
7.999999999999985789e+00
7.999999999999985789e+00
7.999999999999985789e+00
7.999999999999986677e+00
7.999999999999987566e+00
7.999999999999989342e+00
7.999999999999989342e+00
7.999999999999989342e+00
7.999999999999989342e+00
7.999999999999989342e+00
7.999999999999989342e+00
7.999999999999990230e+00
7.999999999999990230e+00
7.999999999999990230e+00
7.999999999999991118e+00
7.999999999999992006e+00
7.999999999999992006e+00
7.999999999999992895e+00
7.999999999999992895e+00
7.999999999999992895e+00
7.999999999999992895e+00
7.999999999999993783e+00
7.999999999999993783e+00
7.999999999999993783e+00
7.999999999999994671e+00
7.999999999999994671e+00
7.999999999999995559e+00
7.999999999999995559e+00
7.999999999999995559e+00
7.999999999999995559e+00
7.999999999999995559e+00
7.999999999999995559e+00
7.999999999999997335e+00
7.999999999999997335e+00
7.999999999999997335e+00
7.999999999999997335e+00
7.999999999999997335e+00
7.999999999999997335e+00
7.999999999999997335e+00
7.999999999999998224e+00
7.999999999999999112e+00
7.999999999999999112e+00
7.999999999999999112e+00
8.000000000000000000e+00
8.000000000000000000e+00
8.000000000000000000e+00
8.000000000000000000e+00
8.000000000000000000e+00
8.000000000000000000e+00
8.000000000000001776e+00
8.000000000000001776e+00
8.000000000000001776e+00
8.000000000000001776e+00
8.000000000000001776e+00
8.000000000000001776e+00
8.000000000000003553e+00
8.000000000000003553e+00
8.000000000000003553e+00
8.000000000000003553e+00
8.000000000000003553e+00
8.000000000000003553e+00
8.000000000000005329e+00
8.000000000000005329e+00
8.000000000000005329e+00
8.000000000000005329e+00
8.000000000000005329e+00
8.000000000000007105e+00
8.000000000000007105e+00
8.000000000000007105e+00
8.000000000000008882e+00
8.000000000000008882e+00
8.000000000000008882e+00
8.000000000000008882e+00
8.000000000000010658e+00
8.000000000000010658e+00
8.000000000000010658e+00
8.000000000000010658e+00
8.000000000000012434e+00
8.000000000000012434e+00
8.000000000000012434e+00
8.000000000000014211e+00
8.000000000000015987e+00
8.000000000000015987e+00
8.000000000000017764e+00
8.000000000000017764e+00
8.000000000000021316e+00
8.000000000000021316e+00
8.518956660514884760e+00
8.871568636467348057e+00
8.938532541079261762e+00
8.938532541079275973e+00
8.964131343016942921e+00
9.312410951684130467e+00
1.006831811232519236e+01
1.007055236082015703e+01
1.007055236082016414e+01
1.102686234253983599e+01
1.199999999999996447e+01
1.199999999999996625e+01
1.199999999999996625e+01
1.199999999999996803e+01
1.199999999999996980e+01
1.199999999999996980e+01
1.199999999999997158e+01
1.199999999999997158e+01
1.199999999999997158e+01
1.199999999999997335e+01
1.199999999999997335e+01
1.199999999999997335e+01
1.199999999999997513e+01
1.199999999999997513e+01
1.199999999999997868e+01
1.199999999999997868e+01
1.199999999999997868e+01
1.199999999999997868e+01
1.199999999999998046e+01
1.199999999999998046e+01
1.199999999999998046e+01
1.199999999999998046e+01
1.199999999999998224e+01
1.199999999999998224e+01
1.199999999999998224e+01
1.199999999999998224e+01
1.199999999999998224e+01
1.199999999999998224e+01
1.199999999999998224e+01
1.199999999999998224e+01
1.199999999999998401e+01
1.199999999999998401e+01
1.199999999999998401e+01
1.199999999999998401e+01
1.199999999999998401e+01
1.199999999999998579e+01
1.199999999999998579e+01
1.199999999999998579e+01
1.199999999999998579e+01
1.199999999999998757e+01
1.199999999999998757e+01
1.199999999999998757e+01
1.199999999999998757e+01
1.199999999999998757e+01
1.199999999999998757e+01
1.199999999999998934e+01
1.199999999999998934e+01
1.199999999999998934e+01
1.199999999999998934e+01
1.199999999999998934e+01
1.199999999999998934e+01
1.199999999999998934e+01
1.199999999999998934e+01
1.199999999999998934e+01
1.199999999999998934e+01
1.199999999999998934e+01
1.199999999999998934e+01
1.199999999999998934e+01
1.199999999999998934e+01
1.199999999999999112e+01
1.199999999999999112e+01
1.199999999999999112e+01
1.199999999999999112e+01
1.199999999999999112e+01
1.199999999999999112e+01
1.199999999999999112e+01
1.199999999999999289e+01
1.199999999999999289e+01
1.199999999999999289e+01
1.199999999999999289e+01
1.199999999999999289e+01
1.199999999999999289e+01
1.199999999999999289e+01
1.199999999999999289e+01
1.199999999999999289e+01
1.199999999999999289e+01
1.199999999999999289e+01
1.199999999999999289e+01
1.199999999999999289e+01
1.199999999999999289e+01
1.199999999999999289e+01
1.199999999999999289e+01
1.199999999999999289e+01
1.199999999999999289e+01
1.199999999999999289e+01
1.199999999999999289e+01
1.199999999999999467e+01
1.199999999999999467e+01
1.199999999999999467e+01
1.199999999999999467e+01
1.199999999999999467e+01
1.199999999999999467e+01
1.199999999999999467e+01
1.199999999999999467e+01
1.199999999999999467e+01
1.199999999999999467e+01
1.199999999999999467e+01
1.199999999999999467e+01
1.199999999999999645e+01
1.199999999999999645e+01
1.199999999999999645e+01
1.199999999999999645e+01
1.199999999999999645e+01
1.199999999999999645e+01
1.199999999999999645e+01
1.199999999999999645e+01
1.199999999999999645e+01
1.199999999999999645e+01
1.199999999999999645e+01
1.199999999999999645e+01
1.199999999999999645e+01
1.199999999999999645e+01
1.199999999999999645e+01
1.199999999999999645e+01
1.199999999999999645e+01
1.199999999999999822e+01
1.199999999999999822e+01
1.199999999999999822e+01
1.199999999999999822e+01
1.199999999999999822e+01
1.199999999999999822e+01
1.199999999999999822e+01
1.199999999999999822e+01
1.199999999999999822e+01
1.199999999999999822e+01
1.199999999999999822e+01
1.199999999999999822e+01
1.199999999999999822e+01
1.199999999999999822e+01
1.199999999999999822e+01
1.199999999999999822e+01
1.199999999999999822e+01
1.199999999999999822e+01
1.199999999999999822e+01
1.199999999999999822e+01
1.200000000000000000e+01
1.200000000000000000e+01
1.200000000000000000e+01
1.200000000000000000e+01
1.200000000000000000e+01
1.200000000000000000e+01
1.200000000000000000e+01
1.200000000000000000e+01
1.200000000000000000e+01
1.200000000000000000e+01
1.200000000000000000e+01
1.200000000000000000e+01
1.200000000000000000e+01
1.200000000000000178e+01
1.200000000000000178e+01
1.200000000000000178e+01
1.200000000000000178e+01
1.200000000000000178e+01
1.200000000000000178e+01
1.200000000000000178e+01
1.200000000000000178e+01
1.200000000000000178e+01
1.200000000000000178e+01
1.200000000000000178e+01
1.200000000000000178e+01
1.200000000000000355e+01
1.200000000000000355e+01
1.200000000000000355e+01
1.200000000000000355e+01
1.200000000000000355e+01
1.200000000000000355e+01
1.200000000000000355e+01
1.200000000000000355e+01
1.200000000000000355e+01
1.200000000000000355e+01
1.200000000000000355e+01
1.200000000000000355e+01
1.200000000000000355e+01
1.200000000000000533e+01
1.200000000000000533e+01
1.200000000000000533e+01
1.200000000000000533e+01
1.200000000000000533e+01
1.200000000000000533e+01
1.200000000000000533e+01
1.200000000000000533e+01
1.200000000000000533e+01
1.200000000000000533e+01
1.200000000000000533e+01
1.200000000000000533e+01
1.200000000000000533e+01
1.200000000000000533e+01
1.200000000000000533e+01
1.200000000000000533e+01
1.200000000000000533e+01
1.200000000000000533e+01
1.200000000000000533e+01
1.200000000000000533e+01
1.200000000000000711e+01
1.200000000000000711e+01
1.200000000000000711e+01
1.200000000000000711e+01
1.200000000000000711e+01
1.200000000000000711e+01
1.200000000000000711e+01
1.200000000000000711e+01
1.200000000000000711e+01
1.200000000000000711e+01
1.200000000000000888e+01
1.200000000000000888e+01
1.200000000000000888e+01
1.200000000000000888e+01
1.200000000000000888e+01
1.200000000000000888e+01
1.200000000000000888e+01
1.200000000000000888e+01
1.200000000000000888e+01
1.200000000000000888e+01
1.200000000000000888e+01
1.200000000000000888e+01
1.200000000000000888e+01
1.200000000000000888e+01
1.200000000000001066e+01
1.200000000000001066e+01
1.200000000000001066e+01
1.200000000000001066e+01
1.200000000000001066e+01
1.200000000000001066e+01
1.200000000000001066e+01
1.200000000000001066e+01
1.200000000000001243e+01
1.200000000000001243e+01
1.200000000000001243e+01
1.200000000000001243e+01
1.200000000000001243e+01
1.200000000000001243e+01
1.200000000000001243e+01
1.200000000000001243e+01
1.200000000000001243e+01
1.200000000000001243e+01
1.200000000000001243e+01
1.200000000000001243e+01
1.200000000000001243e+01
1.200000000000001243e+01
1.200000000000001243e+01
1.200000000000001421e+01
1.200000000000001421e+01
1.200000000000001421e+01
1.200000000000001421e+01
1.200000000000001421e+01
1.200000000000001421e+01
1.200000000000001421e+01
1.200000000000001599e+01
1.200000000000001599e+01
1.200000000000001599e+01
1.200000000000001599e+01
1.200000000000001599e+01
1.200000000000001599e+01
1.200000000000001599e+01
1.200000000000001599e+01
1.200000000000001599e+01
1.200000000000001599e+01
1.200000000000001599e+01
1.200000000000001776e+01
1.200000000000001776e+01
1.200000000000001776e+01
1.200000000000001776e+01
1.200000000000001776e+01
1.200000000000001776e+01
1.200000000000001776e+01
1.200000000000001954e+01
1.200000000000001954e+01
1.200000000000001954e+01
1.200000000000001954e+01
1.200000000000001954e+01
1.200000000000001954e+01
1.200000000000002132e+01
1.200000000000002132e+01
1.200000000000002132e+01
1.200000000000002132e+01
1.200000000000002132e+01
1.200000000000002132e+01
1.200000000000002132e+01
1.200000000000002132e+01
1.200000000000002132e+01
1.200000000000002309e+01
1.200000000000002309e+01
1.200000000000002309e+01
1.200000000000002309e+01
1.200000000000002309e+01
1.200000000000002487e+01
1.200000000000002487e+01
1.200000000000002487e+01
1.200000000000002487e+01
1.200000000000002842e+01
1.200000000000003197e+01
1.200000000000003197e+01
1.200000000000003553e+01
1.200000000000004086e+01
1.215003933707418504e+01
1.336264965075034539e+01
1.365685424949239568e+01
1.365685424949239568e+01
1.422309003832119068e+01
1.439515342005602427e+01
1.486696827338441551e+01
1.492820323027549456e+01
1.492820323027550344e+01
1.506146745892071515e+01
1.506146745892072403e+01
1.539880821925740761e+01
1.548237351977122778e+01
1.572740661031253673e+01
1.572740661031254383e+01
1.599999999999998046e+01
1.599999999999998224e+01
1.599999999999999112e+01
1.599999999999999289e+01
1.600000000000001066e+01
1.600000000000001421e+01
1.600000000000002132e+01
1.618848361788704437e+01
1.650413000244196127e+01
1.650413000244196837e+01
1.679204038916099151e+01
1.681262329583126558e+01
1.698077946866441224e+01
1.698077946866443710e+01
1.714235485729844655e+01
1.754787629434077445e+01
1.765685424949238325e+01
1.765685424949238680e+01
1.789450303283160082e+01
1.796978932067201384e+01
1.799057271662498891e+01
1.856014477627551074e+01
1.856956524405625686e+01
1.892820323027550344e+01
1.892820323027550344e+01
1.911769782701486875e+01
1.939103626009028503e+01
1.939103626009029924e+01
1.986009045361777581e+01
1.987488249200689694e+01
2.020404244564876706e+01
2.060964488887853818e+01
2.070131098864426278e+01
2.070131098864427344e+01
2.094427190999917343e+01
2.149045237026866673e+01
2.150249104525050825e+01
2.189989433004101471e+01
2.215833824424695564e+01
2.215833824424698051e+01
2.272570263128450208e+01
2.290376452156143117e+01
2.319173060772727624e+01
2.361385273235775628e+01
