1.271205363195744601e-14
3.734759496697491188e-01
3.743453104536682008e-01
3.744184402751238872e-01
3.750467684233363963e-01
5.412883381551286677e-01
5.418961064951135498e-01
9.366945448863677193e-01
9.375914236087232734e-01
1.373799477236361088e+00
1.375102438029135898e+00
1.375301881837398765e+00
1.378318217279850266e+00
1.385576672054798841e+00
1.388305304226839176e+00
1.389514294302321096e+00
1.390308925225758108e+00
2.043192485283221504e+00
2.044896740476847441e+00
2.048268971486775669e+00
2.050650922711831026e+00
2.076198378374482623e+00
2.083102689933281848e+00
2.583931745534252311e+00
2.585530052019727520e+00
2.589561533206685695e+00
2.591399921421847274e+00
2.601993072503663296e+00
2.603999448747925882e+00
2.606959479042314953e+00
2.616697892906583167e+00
3.182513130618503716e+00
3.190464926830542503e+00
3.194573806933597826e+00
3.196498378407608865e+00
3.201137532915156569e+00
3.201822624996291555e+00
3.205328157417679069e+00
3.211583166329365913e+00
3.237343503412030365e+00
3.241851042302936303e+00
3.244216900882667343e+00
3.249858726866458714e+00
3.481072102678341995e+00
3.489300774298963237e+00
3.496295556528441928e+00
3.500411693772232713e+00
4.279909182757845265e+00
4.284751943659674822e+00
4.288449634368073582e+00
4.299533239602389756e+00
4.311327538696984263e+00
4.316605110100885767e+00
4.320907580326773356e+00
4.324604159397214431e+00
4.346311623404015556e+00
4.356982616218394000e+00
5.454188941316383321e+00
5.455466651925206634e+00
5.486381725683704857e+00
5.498794873527083737e+00
5.506123705754222719e+00
5.510980717330150824e+00
6.389796211283293559e+00
6.838291509521813971e+00
6.857365742596748248e+00
6.860085036156698735e+00
6.862150052294886393e+00
6.892949950172763351e+00
6.917950463679316542e+00
6.918191675124573337e+00
6.930062678800973153e+00
6.934997991770292636e+00
6.936187512568172231e+00
6.944844483652329536e+00
6.944994022417747992e+00
6.951715356039311899e+00
6.957156283879189829e+00
6.958334660917409487e+00
6.962914805374962768e+00
6.964712561125441681e+00
6.974260310249343675e+00
6.978471252495596744e+00
6.980128864765519303e+00
6.980953582400085899e+00
6.982698602221765860e+00
6.983637348321955152e+00
6.987563499334677353e+00
6.990449046620705431e+00
6.993195271518070300e+00
6.995075549457163255e+00
6.996616296481297681e+00
6.997450199343202115e+00
7.005045485943485417e+00
7.007266672554098186e+00
7.011667191235368968e+00
7.012209756655677140e+00
7.016650392321313490e+00
7.018571449473421708e+00
7.018897870853940013e+00
7.019659589539215538e+00
7.020367324105067475e+00
7.021930312356004400e+00
7.023941659870208909e+00
7.026255875927057915e+00
7.027196388431399932e+00
7.029615797856358483e+00
7.032391307544318515e+00
7.035108732116704289e+00
7.038156041755485148e+00
7.038867295621928477e+00
7.039648405819042054e+00
7.039931058368892103e+00
7.040299261547314558e+00
7.043396835103256315e+00
7.046814779672690321e+00
7.047479542542797404e+00
7.050239397447947809e+00
7.051731566514211735e+00
7.055039565020106984e+00
7.055457154605867309e+00
7.059394226196379130e+00
7.060140358510793135e+00
7.060600681880758067e+00
7.061709862138149774e+00
7.062361937653445665e+00
7.063681285632436690e+00
7.065208394338975850e+00
7.065914950290847152e+00
7.067514917253191697e+00
7.069664071833690500e+00
7.069750724794283236e+00
7.072785743404373271e+00
7.073267326554598888e+00
7.073982113179712705e+00
7.074758630059284847e+00
7.074992758633716683e+00
7.076732740474444228e+00
7.082038073971070880e+00
7.084160745898945066e+00
7.085164898144546086e+00
7.085965117065964769e+00
7.086684153417854404e+00
7.087824410408189557e+00
7.089240913243006759e+00
7.090387104611837188e+00
7.091061776603444500e+00
7.091513339333595844e+00
7.092520093479369514e+00
7.093777017010777008e+00
7.095798838188458468e+00
7.097184326134419408e+00
7.099147216114821468e+00
7.101412324028924417e+00
7.102875785587570157e+00
7.103662208925801025e+00
7.104821509667296198e+00
7.106467575384098012e+00
7.108593801293286774e+00
7.109019537405868228e+00
7.109315551212176842e+00
7.110444925064962618e+00
7.111956123616804959e+00
7.114025018184436888e+00
7.114223564868851213e+00
7.116793212901915133e+00
7.117482123933273286e+00
7.118659971748684256e+00
7.119023243564574166e+00
7.120671807934616737e+00
7.121601034509950523e+00
7.124007878487807588e+00
7.124277100062769819e+00
7.124976240777970204e+00
7.125804649775613342e+00
7.126375861330097372e+00
7.127771675947650820e+00
7.128428859487017100e+00
7.129404722680657613e+00
7.131825169856702118e+00
7.133490338763853522e+00
7.133732059812214921e+00
7.134734032547497051e+00
7.135098211201357010e+00
7.136785793010111512e+00
7.138814077156950155e+00
7.139349306826693109e+00
7.139629526116918257e+00
7.141803509416372542e+00
7.144036667825895748e+00
7.145075788174311882e+00
7.146238890673525468e+00
7.147366065258283108e+00
7.147686598570283323e+00
7.148765052403415865e+00
7.150197181997751450e+00
7.150683379426978625e+00
7.151181769140131372e+00
7.152797001607000382e+00
7.153464380612946982e+00
7.153768640215478314e+00
7.154863172892372170e+00
7.155096408286034659e+00
7.155811883008705188e+00
7.158059162062103908e+00
7.158690746997469212e+00
7.159030978470939388e+00
7.161811155221722736e+00
7.162605380403481270e+00
7.164200989489486915e+00
7.164450550033665266e+00
7.166183520471484769e+00
7.167133571786415303e+00
7.167991916375513028e+00
7.170044060574628730e+00
7.170608538194540138e+00
7.171587409831564841e+00
7.172167629832470581e+00
7.173148284125235641e+00
7.174562740416098094e+00
7.176803131457545781e+00
7.177355865724202921e+00
7.178084276003781738e+00
7.179496079780239626e+00
7.179717774163773214e+00
7.181192471553145218e+00
7.183289010048380163e+00
7.186706990346977797e+00
7.187267499747434840e+00
7.187753646248093986e+00
7.188570725942885709e+00
7.189179931694759773e+00
7.190230072631899283e+00
7.192242984644236614e+00
7.192811837840360489e+00
7.193213612412721503e+00
7.193754823275252619e+00
7.194470091417873192e+00
7.194683325345304858e+00
7.196351066186168488e+00
7.197258197802186785e+00
7.200227641707770410e+00
7.201148540665532671e+00
7.202018540532771240e+00
7.202130895383362486e+00
7.204897011063566836e+00
7.204953506675691344e+00
7.205295139279290773e+00
7.208864568257349781e+00
7.209252440379388283e+00
7.210300186484945861e+00
7.211200889521165003e+00
7.212244252617275642e+00
7.213712938394710505e+00
7.214511633185667350e+00
7.215063462795108684e+00
7.215537504848039241e+00
7.217554400212727650e+00
7.218461059268044266e+00
7.219194496433955166e+00
7.219577005736814712e+00
7.220219431130550092e+00
7.221360799833805189e+00
7.221555543645903796e+00
7.222663210973514047e+00
7.223962013828821860e+00
7.224908835006433883e+00
7.227039854758968040e+00
7.228489118000944735e+00
7.228946397733666984e+00
7.230035429347136500e+00
7.231369687566477467e+00
7.232544079592264197e+00
7.233070089143400772e+00
7.234226135180943373e+00
7.235035969479152840e+00
7.236642041669538727e+00
7.238379205226356916e+00
7.238934645715180416e+00
7.239559594157000788e+00
7.241399162924700761e+00
7.241735554388035290e+00
7.242562894190685441e+00
7.243795477130740679e+00
7.246404074263200989e+00
7.247110514355208366e+00
7.248487580187022772e+00
7.249053234921912114e+00
7.249593567237797131e+00
7.250839636921758924e+00
7.250928459786406322e+00
7.252445000934459429e+00
7.252511262509925949e+00
7.255664991821473286e+00
7.256316625598402403e+00
7.257724350503855781e+00
7.258878701436849212e+00
7.259173558224016887e+00
7.260204583455593053e+00
7.261869143473921540e+00
7.262150263692274343e+00
7.262904079688885517e+00
7.264239738528524448e+00
7.264684055376797289e+00
7.265875103495454290e+00
7.266842792153251018e+00
7.267568156768392740e+00
7.268700842073748447e+00
7.269483769386354766e+00
7.269862612605625607e+00
7.271390039018532647e+00
7.273261586708537507e+00
7.275808990014272837e+00
7.276117838589266640e+00
7.276620880278965586e+00
7.276831134530381995e+00
7.277509352575639134e+00
7.279560303854927028e+00
7.279938533586043370e+00
7.280516884664628208e+00
7.281061237065025615e+00
7.282639185936655046e+00
7.283156976929245907e+00
7.285815153503027553e+00
7.286904843867725745e+00
7.287504167876275751e+00
7.288414738331165488e+00
7.288804305163461450e+00
7.289159687571697965e+00
7.290159556438145394e+00
7.290825852586147349e+00
7.291500548686218330e+00
7.293307431708312194e+00
7.295897324858517941e+00
7.296937967934159275e+00
7.297633972728180929e+00
7.298141019098824955e+00
7.301043384094074717e+00
7.302422338361232335e+00
7.304280279823583300e+00
7.304503309869557093e+00
7.304966502184705668e+00
7.305267793252370190e+00
7.307894249500034078e+00
7.308563597891566843e+00
7.309811877734048835e+00
7.311819078952764173e+00
7.311992583944027402e+00
7.312678239950781034e+00
7.315356180969174282e+00
7.316931720873662393e+00
7.317784420762482256e+00
7.318644561339242571e+00
7.319335972793847844e+00
7.320037171110189256e+00
7.321602407038708016e+00
7.323563546778939504e+00
7.324281741681398117e+00
7.326305633361609004e+00
7.327323115670099973e+00
7.328819214493142553e+00
7.330346044092861391e+00
7.331061772490038209e+00
7.332046778070145265e+00
7.332890303647647379e+00
7.334172416691473018e+00
7.335046624910538604e+00
7.335656251456709853e+00
7.335940442559891750e+00
7.336972209635705511e+00
7.337214630471072141e+00
7.338836592312248719e+00
7.339459366158150644e+00
7.340355244130167378e+00
7.341586341904149826e+00
7.343543157103081143e+00
7.343824619771213591e+00
7.345262804721603977e+00
7.345583724133725845e+00
7.346454279253148201e+00
7.348933297130408882e+00
7.349130649552223282e+00
7.349961439253839934e+00
7.350616506359140878e+00
7.353737966439525486e+00
7.355056891107186523e+00
7.356774036339917444e+00
7.357278465643788401e+00
7.358580087600923747e+00
7.359679732802892005e+00
7.361262543328503050e+00
7.362672536283085378e+00
7.364567249120278269e+00
7.366623060669675205e+00
7.369471359402205657e+00
7.372536868154333511e+00
7.373542302630588630e+00
7.374827910736237335e+00
7.378822098732068291e+00
7.382672940313054433e+00
7.383148576261868712e+00
7.384198663291785536e+00
7.384545071483805678e+00
7.385501700502830502e+00
7.389231656319140029e+00
7.391089832198651344e+00
7.391579521746661108e+00
7.393403132462156080e+00
7.394644512382894774e+00
7.395158837195722867e+00
7.395396101834220914e+00
7.398137363066465078e+00
7.399723032304192039e+00
7.404999916009071370e+00
7.408292618426782106e+00
7.408667769424194027e+00
7.408915676899264113e+00
7.410263683907092336e+00
7.416170262742681984e+00
7.418287075132576902e+00
7.424139099759300642e+00
7.425169358973110256e+00
7.433440767655559611e+00
7.435717932040446065e+00
7.436489218300899040e+00
7.437877436819000820e+00
7.437930547535127168e+00
7.440538823271520386e+00
7.447081296983472321e+00
7.449262275344160855e+00
7.450709857322153518e+00
7.452146185347630514e+00
7.454145545265715711e+00
7.456810640080167474e+00
7.461304598539244104e+00
7.467202311464225417e+00
7.472868925688195496e+00
7.477460654683601327e+00
7.483159091467838309e+00
7.488174883024070638e+00
7.496343741011497031e+00
7.496564743954828636e+00
7.500528230852864908e+00
7.506276973580372491e+00
7.539783612156958803e+00
7.541521003667575940e+00
7.549211014999448466e+00
7.553119070404804347e+00
8.055675626395547795e+00
8.890344862980265717e+00
8.908244308170893078e+00
8.944352830916546537e+00
8.966535419736235468e+00
8.987744487111511305e+00
8.994757653140089459e+00
1.004178273837779756e+01
1.008030380317067376e+01
1.008586436936585073e+01
1.009653030605861801e+01
1.010933840509448167e+01
1.012368199884896391e+01
1.013810520267741211e+01
1.015624785570122768e+01
1.017096549106169157e+01
1.017900154967052018e+01
1.090360164159733536e+01
1.092197664234787879e+01
1.094524599628385708e+01
1.096533802322903028e+01
1.111589590963111895e+01
1.115785659610167357e+01
1.117508688296277519e+01
1.119207409725885149e+01
1.120489780721887740e+01
1.122226984273211059e+01
1.123152859772513956e+01
1.124287802935557146e+01
1.124971704457352928e+01
1.126857435096343174e+01
1.128003788341115587e+01
1.130465968189370152e+01
1.177787673734328777e+01
1.179666361791861995e+01
1.180655365172694715e+01
1.182457810671164289e+01
1.184744982134404623e+01
1.186981999256840759e+01
1.187844964188459507e+01
1.189966651406082221e+01
1.231866048365332134e+01
1.235643161307995364e+01
1.237605560449607012e+01
1.238621801668433520e+01
1.240723634000534759e+01
1.242226395279614515e+01
1.297898537499398053e+01
1.302427817338344873e+01
1.303939730233698668e+01
1.305287396441421066e+01
1.306451312955144139e+01
1.307930918906450479e+01
1.309237020589563194e+01
1.310003548050759292e+01
1.349061110666604613e+01
1.350852006796107219e+01
1.389005104787473677e+01
1.390137960993643240e+01
1.401585464110939405e+01
1.405348065992351181e+01
1.407823508317640027e+01
1.411619567993814783e+01
1.444123421130731089e+01
