1.043609643147647148e-14
3.721257513637475367e-01
3.734547478786524044e-01
3.739169849565059378e-01
3.742799274934298093e-01
5.403239564356360214e-01
5.406514785024018055e-01
9.330722755169776894e-01
9.365603342236974438e-01
1.367478556642363730e+00
1.372726230989182561e+00
1.373736608125046388e+00
1.374627974561100752e+00
1.382080515532218223e+00
1.384660940369815796e+00
1.387009856403740304e+00
1.389004981910594294e+00
2.034933323816068285e+00
2.040904720004823147e+00
2.041862143467256807e+00
2.048871766203455458e+00
2.073062869174276290e+00
2.077902984318207746e+00
2.573754210086953265e+00
2.582019615199474760e+00
2.584756748039316321e+00
2.585801229735168683e+00
2.592677407733088746e+00
2.599525995826358571e+00
2.605622183061430341e+00
2.607220834728557257e+00
3.170845902337581901e+00
3.181126156868828492e+00
3.186352222052082794e+00
3.188863530562038751e+00
3.190316782403265883e+00
3.196749904351532390e+00
3.198800242874600741e+00
3.209886943858716091e+00
3.231813700711778203e+00
3.234267333649989418e+00
3.237710276958781552e+00
3.240111201171868682e+00
3.469644311104802537e+00
3.482440470222257556e+00
3.488744405150482564e+00
3.493776361060102698e+00
4.264135591964945959e+00
4.278458588903875537e+00
4.280102237730190495e+00
4.293042228612486078e+00
4.296466764289271545e+00
4.303125594134900034e+00
4.313260042156503715e+00
4.317863956945746651e+00
4.337889547639987242e+00
4.347208542198439218e+00
5.432748856206110588e+00
5.453406212203243619e+00
5.468008367173351481e+00
5.488011020735624079e+00
5.494123145817395582e+00
5.501912400020740890e+00
6.375433878452741787e+00
6.883013643075456045e+00
6.891218743220038689e+00
6.898862206157370558e+00
6.907683402734698497e+00
6.909907913237213428e+00
6.912098738223843242e+00
6.917857638833928569e+00
6.923592877627370079e+00
6.923730398053900892e+00
6.933270981261006938e+00
6.937918711403741057e+00
6.940435550955617927e+00
6.942598691749642725e+00
6.952032408970929112e+00
6.961611081976895932e+00
6.963625770315228891e+00
6.969163238183180731e+00
6.973209679356479285e+00
6.979117998129146017e+00
6.980915822534021764e+00
6.987176462874067795e+00
6.990121782772863668e+00
6.990842124770508370e+00
6.992455265409744491e+00
6.994201779469487512e+00
6.997352910791399871e+00
6.999478985963849986e+00
6.999716581442092966e+00
7.000714579182970354e+00
7.001094634474129386e+00
7.004208827850238350e+00
7.006643658077798875e+00
7.007471903859443074e+00
7.009102794259631786e+00
7.010186961688082086e+00
7.011005095258229680e+00
7.013044083156014352e+00
7.013912449147338357e+00
7.016466977668928351e+00
7.017737627238086695e+00
7.018694743868191921e+00
7.022138692571660457e+00
7.023805568507024866e+00
7.026679017863916243e+00
7.030528507451962561e+00
7.033824401393557579e+00
7.035693487544327773e+00
7.037871000970267410e+00
7.038650005975141788e+00
7.040082725094979565e+00
7.041209896055963036e+00
7.041759451165001238e+00
7.043203023434047694e+00
7.043832905557207091e+00
7.045253840678524782e+00
7.045667754254017368e+00
7.046092622858909138e+00
7.046900860231611219e+00
7.047278219092254048e+00
7.048391066617740286e+00
7.051664321186373208e+00
7.052862713913497394e+00
7.053700723425428976e+00
7.054704056942512125e+00
7.055855982677806892e+00
7.056540878965799735e+00
7.058339283097003758e+00
7.059743749195024343e+00
7.062025553761518637e+00
7.066042924138153936e+00
7.066838411892277350e+00
7.068086156105979789e+00
7.068706797106766082e+00
7.069581324398109601e+00
7.069791935066165323e+00
7.070000775118962189e+00
7.070568952088446935e+00
7.071483097460550482e+00
7.072870242131823915e+00
7.075412882098201628e+00
7.076654191965019436e+00
7.077440790791443170e+00
7.080276006666514910e+00
7.081240083313009137e+00
7.082947560730707970e+00
7.083244509081489504e+00
7.084021535156310279e+00
7.084309749674775780e+00
7.085756591324996023e+00
7.086697188466418496e+00
7.087789985234412171e+00
7.088844767345471531e+00
7.089242845130007353e+00
7.091866201542694093e+00
7.092652633219443281e+00
7.093009263081427207e+00
7.093684791672833612e+00
7.094116486633756935e+00
7.096648139081664475e+00
7.097114790088196123e+00
7.097218227870487617e+00
7.098997181229576015e+00
7.099719194197830596e+00
7.101062982901723331e+00
7.103822334054567200e+00
7.105391226122701021e+00
7.106901923726398174e+00
7.107511086443262904e+00
7.108239564391187315e+00
7.109750211396051789e+00
7.110672715869995386e+00
7.112082900663904361e+00
7.112628664684010005e+00
7.113274947562500117e+00
7.114357178894782585e+00
7.116837427545990025e+00
7.117716161598199420e+00
7.118949122714485434e+00
7.120474299041791078e+00
7.121152375624777875e+00
7.121897690427099192e+00
7.123013769020452024e+00
7.123939620740676659e+00
7.124305036020682103e+00
7.124857697515190047e+00
7.126514932147401282e+00
7.127034609320687331e+00
7.129327466573523786e+00
7.131530092752757177e+00
7.132332190126523308e+00
7.132987666698877405e+00
7.133701334327954946e+00
7.135151305212081851e+00
7.135781561761771030e+00
7.137801702471613829e+00
7.138211386938542624e+00
7.138691749247724871e+00
7.139796182570679051e+00
7.140282035128779903e+00
7.140342186257322865e+00
7.141546130352916855e+00
7.142201526252446975e+00
7.142871321976730137e+00
7.143683617583002743e+00
7.144718712704404950e+00
7.145599107149935847e+00
7.147767279014987096e+00
7.148770648622735813e+00
7.151615564743606157e+00
7.152143774183770120e+00
7.153008410052610344e+00
7.153789142837371884e+00
7.154353425456451809e+00
7.154770102130542320e+00
7.156645314167863425e+00
7.158555249691966438e+00
7.159309930800707988e+00
7.160469838809595977e+00
7.161798822235481587e+00
7.162352695182261364e+00
7.163572401296436354e+00
7.165049118478617807e+00
7.166658192689629558e+00
7.167657361636206481e+00
7.167963613676081813e+00
7.169061634959639662e+00
7.170463981442894763e+00
7.171315184662035769e+00
7.171750085953585874e+00
7.172793085426975246e+00
7.174115282971713192e+00
7.174597016230769064e+00
7.176021038969286892e+00
7.177000491014768002e+00
7.178169685599010030e+00
7.178711654021237010e+00
7.180384830127874984e+00
7.181864562387379358e+00
7.182567304152262189e+00
7.183569377692038849e+00
7.183949127999011530e+00
7.185103708365312869e+00
7.185558650851693763e+00
7.186605762008431597e+00
7.187312833263819201e+00
7.189629079093785791e+00
7.189879278725482159e+00
7.192571328685796850e+00
7.195887783982258590e+00
7.197111137461327246e+00
7.197875766312026080e+00
7.198865589388430131e+00
7.199944758958095825e+00
7.200303643378981988e+00
7.201336015599045126e+00
7.202867663095050332e+00
7.202936897650999093e+00
7.203294397288380502e+00
7.204558220167911919e+00
7.205504801644273094e+00
7.207955852051514789e+00
7.208552350165135181e+00
7.211039055854677748e+00
7.211679924411871667e+00
7.212472775209728404e+00
7.213246651301863821e+00
7.214085161785355638e+00
7.214779461950029393e+00
7.215805119304370407e+00
7.216708262417495412e+00
7.217989047546657488e+00
7.218261348336722172e+00
7.218867769808600343e+00
7.220976686750075757e+00
7.222916409573703511e+00
7.223364246034958747e+00
7.224194649987257577e+00
7.225722631352081038e+00
7.226027826169278079e+00
7.227356524881273003e+00
7.228050777811368732e+00
7.228626846048776144e+00
7.229316178740075038e+00
7.230659787231652480e+00
7.233310017188230745e+00
7.234437311065355480e+00
7.234616806338908468e+00
7.235681616523240045e+00
7.237415331854538003e+00
7.238484715295017580e+00
7.240912240383802434e+00
7.241089866679830678e+00
7.241843045043090399e+00
7.244268322392045434e+00
7.245209930623071060e+00
7.246876333237053380e+00
7.248166806732167622e+00
7.250735464055414248e+00
7.250968604292716613e+00
7.252308238151446318e+00
7.252550990560493460e+00
7.252876640521896512e+00
7.253582399175083850e+00
7.254978925982055848e+00
7.255401673964025910e+00
7.256865914643780613e+00
7.257578748301911631e+00
7.258021086754042450e+00
7.259455455315113603e+00
7.260585041815483365e+00
7.261608742222770196e+00
7.261988821595013910e+00
7.264165361863961223e+00
7.264433992697949094e+00
7.266200361369627103e+00
7.266645435106627637e+00
7.267000048984528782e+00
7.267821736050232850e+00
7.268549936858027749e+00
7.269082605417767518e+00
7.270112584551569945e+00
7.270582522936759773e+00
7.271443087555594431e+00
7.272791270963740118e+00
7.273228410922882858e+00
7.274648642333778170e+00
7.275437814251789703e+00
7.276585527024185041e+00
7.276809832063978689e+00
7.278118370534865988e+00
7.278506552938707408e+00
7.279447097698064972e+00
7.281520258879448981e+00
7.282330874687900746e+00
7.284847807937674169e+00
7.285739276151145027e+00
7.287035662188703355e+00
7.287059606688969460e+00
7.288436041830076206e+00
7.289122136382396810e+00
7.290423454158615257e+00
7.291194510717297739e+00
7.293314697124362311e+00
7.295176403073227789e+00
7.296974529968149881e+00
7.297766442142632037e+00
7.297813667006086469e+00
7.298595215523135060e+00
7.298973438833820992e+00
7.300612073216213638e+00
7.302704773058033894e+00
7.304094598654901738e+00
7.305023343977871342e+00
7.305974577693616467e+00
7.306565466361591099e+00
7.307620951954146626e+00
7.309812887926423919e+00
7.310070659891044542e+00
7.311991792825725867e+00
7.313270365396488337e+00
7.315345029217036554e+00
7.316538430945257687e+00
7.317106342446825451e+00
7.317496844609270745e+00
7.319181324108757991e+00
7.320395759900564236e+00
7.324055616929678436e+00
7.325224759390048135e+00
7.328234506277719440e+00
7.330456758014946672e+00
7.331871917028384367e+00
7.332535321710928145e+00
7.333140394190516886e+00
7.333648913842806927e+00
7.334278739923566270e+00
7.335338981625418420e+00
7.336104896645390561e+00
7.337014425126330508e+00
7.337331961828631677e+00
7.337771250449343974e+00
7.338765363377225626e+00
7.340537698164640190e+00
7.341460166305786572e+00
7.348008293359498566e+00
7.349308412997751283e+00
7.350075852592846459e+00
7.351814307853125285e+00
7.354846942671061427e+00
7.355353478086419372e+00
7.356055408003361329e+00
7.357288626049515834e+00
7.359205551833001735e+00
7.360133499926366341e+00
7.360872795956517223e+00
7.361291919533996086e+00
7.362084174187025987e+00
7.364246327130321568e+00
7.366240648311400463e+00
7.366623971577854313e+00
7.368957355219367678e+00
7.371370631021056496e+00
7.372641969539433404e+00
7.375621980457982119e+00
7.377003486831142709e+00
7.379019995060426496e+00
7.379744731093216714e+00
7.380147924415352279e+00
7.381846854532743585e+00
7.381968407467679683e+00
7.382419405033432191e+00
7.384363468447543433e+00
7.385962602770269392e+00
7.386752571146785407e+00
7.389786667703315715e+00
7.390261566509225943e+00
7.394189798870719699e+00
7.397199384492684437e+00
7.397318453189035026e+00
7.399194972370640500e+00
7.405088580065398496e+00
7.409819751861022041e+00
7.415341856595829562e+00
7.420633910018350932e+00
7.420815286985194881e+00
7.420965188551948977e+00
7.423704165205257333e+00
7.426010204644500234e+00
7.431547594203394169e+00
7.437406801012473423e+00
7.443911739487011126e+00
7.446136009208927042e+00
7.446897517206707562e+00
7.448518034399601362e+00
7.449830581222085968e+00
7.449995477202892680e+00
7.460560284639023543e+00
7.461933834730102966e+00
7.464014438022704034e+00
7.467001398351948538e+00
7.477222763191822885e+00
7.493385009080576253e+00
7.511122951863344888e+00
7.516187875341175051e+00
7.540300446444320848e+00
8.042662621554612201e+00
8.890609381468243200e+00
8.913914775749884001e+00
8.918172768559809782e+00
8.929617410895271945e+00
8.967941243455282319e+00
8.978213538690177131e+00
1.004299892562171692e+01
1.004807167061035145e+01
1.005530641662548241e+01
1.008004873769816179e+01
1.009229450562966335e+01
1.010086031082476588e+01
1.012060461355907215e+01
1.013592881460800932e+01
1.014901573986865024e+01
1.017055067423139825e+01
1.088655916874140672e+01
1.091281335237769490e+01
1.092667310056598851e+01
1.093242228988329323e+01
1.113160592231785628e+01
1.114636540029422918e+01
1.115564844069200845e+01
1.115897136036940651e+01
1.117854364751200258e+01
1.120405730465431660e+01
1.121342337516252030e+01
1.121578106787524653e+01
1.123036547753820180e+01
1.123696756898034899e+01
1.124370290901358871e+01
1.126909663368815728e+01
1.176663713228460928e+01
1.178861624783907835e+01
1.179387569683172821e+01
1.181044163335938002e+01
1.181669654991942053e+01
1.182421187433383203e+01
1.184847161452958630e+01
1.185800248272670210e+01
1.230338456840723005e+01
1.232729852277087446e+01
1.235279378958665575e+01
1.236590115246278643e+01
1.238099762539174442e+01
1.238453062689405471e+01
1.297676042074196268e+01
1.299071160940915348e+01
1.299718378715482103e+01
1.301930870633913884e+01
1.304187157829769106e+01
1.304671749613586229e+01
1.305785047125653442e+01
1.308258770226410839e+01
1.346482966762433087e+01
1.347817994316598345e+01
1.385221225273198797e+01
1.386803918480284636e+01
1.401670926303119913e+01
1.402872336566688105e+01
1.404970193020727720e+01
1.405527364210536767e+01
1.440974131598176555e+01
