-3.053113317719180486e-15
2.215868675598509363e-01
2.370054535824971109e-01
2.882175530349928572e-01
2.967831527228350086e-01
3.033246171528584667e-01
3.388289813932341965e-01
3.596710564866194004e-01
4.005889870086580817e-01
4.071378777733698495e-01
4.213232147485369561e-01
4.378897517439216958e-01
4.468912551123526700e-01
4.663804149148084721e-01
4.961910568071934424e-01
5.078958637551381772e-01
5.532007201326689660e-01
5.834735470134294610e-01
6.142841311030474705e-01
6.186758526482162290e-01
6.429082061002536763e-01
6.657821331412753230e-01
6.756048908666397734e-01
7.077570714387558803e-01
7.233735226631191617e-01
7.459555201997712937e-01
8.028971045396209316e-01
8.088677539345698886e-01
8.405980553248048048e-01
8.569166270729607904e-01
8.907151394074198647e-01
9.202977100068128191e-01
9.809556929782025092e-01
1.006954815136237968e+00
1.028205892674105337e+00
1.042840170258522159e+00
1.099109157916229096e+00
1.132932699305328139e+00
1.193870299568498661e+00
1.242500749961044981e+00
1.257114501381245253e+00
1.278405844282870740e+00
1.316642755001642406e+00
1.330192819667982640e+00
1.369375142703299630e+00
1.393373696100086212e+00
1.452070384067890574e+00
1.479319189584680228e+00
1.563723704377901091e+00
1.597457378995937427e+00
1.622786647454384834e+00
1.655053524570350598e+00
1.699073598896339021e+00
1.734085541189258839e+00
1.824778694875229812e+00
1.852448790425546887e+00
1.884266597048275260e+00
1.942964644729216594e+00
1.993460499776182671e+00
2.005402560567269621e+00
2.091724572554312545e+00
2.116382547943188364e+00
2.182351138982558947e+00
2.213730304455339137e+00
2.272049876380607181e+00
2.320529480722004489e+00
2.382160755640344352e+00
2.406383711575655671e+00
2.454893354067021694e+00
2.468466082532192019e+00
2.524938517639481184e+00
2.577647366256534234e+00
2.604238321927079269e+00
2.703975520557286849e+00
2.735921594476340868e+00
2.771657425285560805e+00
2.807012590120841811e+00
2.859018719470109104e+00
2.943468380264206985e+00
2.977311856328714423e+00
3.015043464931696171e+00
3.044800375914031410e+00
3.188115860225375187e+00
3.203819510044673358e+00
3.264288372360425683e+00
3.296526364138068654e+00
3.358730935616988766e+00
3.410798671612787381e+00
3.434319640741735569e+00
3.470738594136013599e+00
3.519313260117115316e+00
3.617216730105171862e+00
3.674196223717603349e+00
3.695514115109104658e+00
3.714759066480424199e+00
3.759824613270013050e+00
3.769853455649687657e+00
3.834690713933050166e+00
3.911817954201644021e+00
3.926459595035179273e+00
3.940540374832936621e+00
3.960825323106580420e+00
3.999432813463198233e+00
4.007744399600811747e+00
4.045553818420255965e+00
4.056110789431128794e+00
4.070013749677902304e+00
4.128884955972742077e+00
4.171086245297262352e+00
4.187559535265914512e+00
4.224337337282163318e+00
4.254070990223677740e+00
4.277465800649848049e+00
4.293153977687672374e+00
4.311531927334109504e+00
4.332239457605868260e+00
4.380056036772691286e+00
4.403961310072743274e+00
4.424767359169638148e+00
4.487526467362459748e+00
4.495549355288384064e+00
4.527502858984727041e+00
4.560904133834425167e+00
4.580622691879310260e+00
4.593569681115312164e+00
4.624410773387315210e+00
4.669537087820022414e+00
4.679486718808682610e+00
4.721300241132269981e+00
4.728996015500495531e+00
4.759148714781722411e+00
4.792932874016377021e+00
4.793507389752310388e+00
4.822389547186947567e+00
4.848451721052031260e+00
4.857689207067198645e+00
4.879873787723960632e+00
4.886792292578284957e+00
4.915224848987456596e+00
4.937791315544385107e+00
4.951675144792060834e+00
4.966451043495935025e+00
4.988299072306450199e+00
4.992575562692157298e+00
5.016924578284358560e+00
5.033998620953218150e+00
5.049608856776041321e+00
5.075263272081958377e+00
5.077041147888071926e+00
5.107227268035646972e+00
5.115307135068687394e+00
5.131375058284692869e+00
5.153748274632955706e+00
5.170747609533419720e+00
5.174383062164661595e+00
5.189225297833469419e+00
5.213608115715955726e+00
5.247860939936146885e+00
5.252784312730614857e+00
5.265668838123306550e+00
5.279739807215745095e+00
5.296205552913209935e+00
5.322764569827312719e+00
5.338405891766035971e+00
5.378257490528635110e+00
5.379626604957952196e+00
5.385875995905980318e+00
5.400682520819748866e+00
5.457583083220526099e+00
5.466514318191156185e+00
5.487932045505790057e+00
5.493675217123841215e+00
5.515247369426873547e+00
5.547571132859255627e+00
5.555739883364314124e+00
5.574534202873798527e+00
5.589117935420031102e+00
5.595509041805994066e+00
5.616126578867109309e+00
5.632874276040276129e+00
5.657219464829638333e+00
5.669271050644014487e+00
5.686408234240995618e+00
5.693202103160015071e+00
5.721052438290554321e+00
5.742634981458514254e+00
5.755165282469370425e+00
5.775777623097095415e+00
5.791983359673832155e+00
5.799869438728816107e+00
5.800396847500126185e+00
5.827973586161654396e+00
5.847462473698384677e+00
5.870465322971267774e+00
5.883962147250564101e+00
5.897878312158796099e+00
5.911049719458072005e+00
5.917063290604891890e+00
5.943961298272016691e+00
5.950559981015773658e+00
5.956379151965435881e+00
5.987210623952584854e+00
5.989045283808429154e+00
5.997602814921704883e+00
6.006105714849597099e+00
6.025794816328072123e+00
6.040431508744442901e+00
6.061079706601964823e+00
6.064168419927570497e+00
6.075829434645487304e+00
6.090646167243001230e+00
6.098250972594438934e+00
6.112332948669215504e+00
6.119684931650586357e+00
6.127232543925462238e+00
6.139188172379947517e+00
6.146150708764556825e+00
6.158095252806704778e+00
6.184258960188365961e+00
6.184909757358442839e+00
6.196825231749174989e+00
6.211310797660996030e+00
6.220900730695183789e+00
6.228748319326044225e+00
6.238761605322894255e+00
6.244487685079866068e+00
6.253910636788516442e+00
6.265751536216979112e+00
6.272443444854509664e+00
6.285122484403491860e+00
6.305516628585226435e+00
6.307969908885870503e+00
6.312975357547784050e+00
6.330077377063388688e+00
6.344877137164123049e+00
6.355554927053228553e+00
6.359832898431397652e+00
6.371991399422848978e+00
6.374522375203078184e+00
6.387278848226958239e+00
6.392399312885515883e+00
6.414334197497541190e+00
6.418048868939075113e+00
6.435289495958684824e+00
6.444947051983229258e+00
6.450669353324017585e+00
6.466728203795808483e+00
6.470933050188381053e+00
6.488840187047046015e+00
6.490237369610029283e+00
6.501551134744812721e+00
6.517403815341447526e+00
6.525938194923031510e+00
6.541023220026014329e+00
6.554970555581550506e+00
6.560811463376807318e+00
6.579427910491358666e+00
6.595056055646768556e+00
6.601474428553185447e+00
6.612957351200538625e+00
6.630829330002680599e+00
6.638040238138366966e+00
6.652751346527348453e+00
6.660475058880923172e+00
6.668122345519488015e+00
6.674961218557040610e+00
6.695685197147767553e+00
6.707063896047269047e+00
6.720187713103694449e+00
6.728644501421795709e+00
6.737995553801234827e+00
6.754205704295721979e+00
6.757488241927592121e+00
6.776592641728627520e+00
6.789882783422629409e+00
6.794806751626763841e+00
6.799355213572565226e+00
6.805607469946787447e+00
6.830285951270689715e+00
6.843702342133926031e+00
6.859167565614202822e+00
6.864776073883931851e+00
6.885986762980238929e+00
6.893669603536160650e+00
6.909650105927778618e+00
6.913879950276376363e+00
6.925539913577215323e+00
6.940520505605952906e+00
6.949023378897043024e+00
6.957315970795210802e+00
6.963955620301771177e+00
6.971913196760738174e+00
6.980230599851940276e+00
6.994075577362734997e+00
7.002057952391312234e+00
7.014162201423684628e+00
7.025159312873969775e+00
7.034636282423202047e+00
7.039274223270234110e+00
7.049098635675996150e+00
7.064512780666245106e+00
7.071048969096565884e+00
7.080508227023051937e+00
7.089321600477170193e+00
7.102670702952986304e+00
7.111290626320171171e+00
7.126219603174093642e+00
7.130030456893040380e+00
7.142615895004793103e+00
7.152855718004157204e+00
7.162133195985146195e+00
7.169713966195042865e+00
7.185394689930467926e+00
7.194969719147049858e+00
7.209120573348117844e+00
7.228851457559434479e+00
7.236007163484313054e+00
7.261355756145841944e+00
7.268513528581003413e+00
7.287851151248724513e+00
7.291560108522626926e+00
7.300983048422141408e+00
7.316088816714447773e+00
7.322061340947247032e+00
7.336485066266049238e+00
7.351081097978456214e+00
7.356317457286497330e+00
7.373801753549873439e+00
7.379155482388239484e+00
7.383685466240075712e+00
7.393897397213836875e+00
7.405067545480622293e+00
7.419833045261558624e+00
7.431531653073316868e+00
7.434241916350654122e+00
7.436684663819201901e+00
7.446425899137055993e+00
7.462652136457646357e+00
7.465091067595313490e+00
7.476597618727199190e+00
7.489273817669751310e+00
7.490477808138674476e+00
7.511029120876078657e+00
7.516944468471551843e+00
7.525225571117493573e+00
7.540146302989794158e+00
7.546536101057125023e+00
7.554157122944349823e+00
7.583456903323595455e+00
7.585514323955453442e+00
7.594908044790842361e+00
7.603913045972345408e+00
7.610879341009902710e+00
7.615435289796532281e+00
7.629617696623047784e+00
7.643921600431056618e+00
7.658463023677015258e+00
7.674814175116810411e+00
7.686517546938366863e+00
7.689354999900588794e+00
7.708411475305799954e+00
7.710089284243644592e+00
7.720245947914342821e+00
7.727608964025106886e+00
7.734508603226445622e+00
7.746273648856119465e+00
7.759390385725550843e+00
7.765673152637341481e+00
7.791713711005969323e+00
7.801010425779871582e+00
7.814317628598992371e+00
7.822838832739854809e+00
7.824138531867308011e+00
7.846029198061061471e+00
7.868221157989178316e+00
7.881336773804108020e+00
7.884070330851022490e+00
7.903936110094460510e+00
7.912857224995578420e+00
7.919282751107657781e+00
7.924951676908419174e+00
7.934217407246997311e+00
7.942327168706631468e+00
7.951670528632964974e+00
7.967322683575917885e+00
7.973216677982949641e+00
7.987809836770066063e+00
7.996684992152761851e+00
7.999703582881696917e+00
8.034196628842993348e+00
8.036185304268508744e+00
8.049260836398406838e+00
8.070082952941440624e+00
8.072147508188582066e+00
8.089838289174771546e+00
8.096794891563202867e+00
8.109747947035138793e+00
8.119516332927627644e+00
8.132310259315170597e+00
8.150386268860291494e+00
8.163215377595115285e+00
8.169792508330839809e+00
8.190986607361889327e+00
8.200585284398528074e+00
8.213115120038033012e+00
8.219418140866491029e+00
8.223450604814265930e+00
8.254165294197703062e+00
8.265562996299289367e+00
8.283389799462318237e+00
8.297632987658715820e+00
8.312780256236260712e+00
8.323233171006334530e+00
8.330918858605739885e+00
8.342186891015996864e+00
8.355518675235284576e+00
8.364946309420018267e+00
8.386605556820594387e+00
8.403346714592689892e+00
8.407753922706104888e+00
8.436063664655721439e+00
8.441953716671241281e+00
8.461230951742660267e+00
8.483676114702971560e+00
8.496134246963023884e+00
8.511511557593975041e+00
8.515846255482866667e+00
8.535393690129476241e+00
8.558921371689091728e+00
8.577678522196663380e+00
8.590247472270879925e+00
8.594126383854550966e+00
8.622888162299897630e+00
8.636970338236924505e+00
8.655312837316936125e+00
8.674524077535721744e+00
8.701858675253635766e+00
8.713273374205623867e+00
8.720273063859245610e+00
8.739589640115804414e+00
8.767989114828756314e+00
8.777507884990045639e+00
8.789054915024586023e+00
8.799078954555509924e+00
8.821438840002983284e+00
8.870805058153674594e+00
8.877324100105077775e+00
8.890094278820823703e+00
8.922626224635092029e+00
8.939483202068327472e+00
8.946726110114479269e+00
8.960642876679191460e+00
8.975627913936842006e+00
8.991900855319306274e+00
9.019656414909238862e+00
9.033192788438404008e+00
9.062116328589251424e+00
9.071274114650963227e+00
9.094642968284407658e+00
9.102430372855842222e+00
9.120064685720551623e+00
9.176130506543506371e+00
9.195427643002513918e+00
9.219706901228601481e+00
9.241000614183807471e+00
9.252621313072436848e+00
9.258423278983531901e+00
9.307567552737669558e+00
9.320075991969181572e+00
9.335976174663024096e+00
9.353793471010021676e+00
9.403452009362377240e+00
9.413544895619667230e+00
9.441975484734054902e+00
9.474837288958783077e+00
9.515632834050192557e+00
9.526176921786872143e+00
9.567412185849795137e+00
9.618951258602489673e+00
9.636786017274978633e+00
9.684047632095893476e+00
9.691069321696719641e+00
9.713433640761083510e+00
9.744605826620269085e+00
9.777244051542735903e+00
9.790674767119067923e+00
9.815348326478057217e+00
9.873554201353474724e+00
9.906113067943064010e+00
9.944430347933046477e+00
1.002122817800696986e+01
1.005479891255050262e+01
1.010016304081316818e+01
1.016034554266214940e+01
1.018735061968936506e+01
1.021983412564362936e+01
1.029738147188161257e+01
1.039568758382023717e+01
1.046044285031088172e+01
1.071804366729988089e+01
