-1.305684176992181033e-16
1.522409349774210274e-01
1.522409349774271059e-01
1.522409349774281606e-01
3.044818699548518248e-01
3.044818699548525465e-01
3.044818699548538232e-01
4.567228049322811234e-01
5.857864376268948625e-01
5.857864376269072970e-01
5.857864376269169560e-01
7.380273726043169447e-01
7.380273726043279359e-01
7.380273726043286020e-01
7.380273726043330429e-01
7.380273726043338200e-01
7.380273726043419247e-01
8.902683075817530156e-01
8.902683075817602321e-01
8.902683075817616754e-01
1.171572875253808821e+00
1.171572875253809931e+00
1.171572875253811263e+00
1.234633135269816329e+00
1.234633135269818327e+00
1.234633135269818771e+00
1.323813810231234012e+00
1.323813810231237564e+00
1.323813810231239119e+00
1.386874070247238411e+00
1.386874070247243296e+00
1.386874070247244628e+00
1.386874070247245516e+00
1.386874070247247293e+00
1.386874070247247515e+00
1.539115005224672705e+00
1.539115005224673816e+00
1.539115005224674260e+00
1.757359312880715008e+00
1.820419572896722071e+00
1.820419572896723848e+00
1.820419572896724736e+00
1.820419572896724736e+00
1.820419572896725402e+00
1.820419572896726290e+00
1.972660507874150149e+00
1.972660507874151037e+00
1.972660507874151703e+00
1.972660507874152147e+00
1.972660507874153035e+00
1.972660507874154145e+00
1.999999999999998002e+00
1.999999999999998890e+00
2.000000000000000000e+00
2.152240934977425635e+00
2.152240934977426523e+00
2.152240934977427411e+00
2.152240934977428299e+00
2.152240934977428299e+00
2.152240934977429632e+00
2.304481869954849493e+00
2.304481869954853046e+00
2.304481869954853490e+00
2.406206010523629590e+00
2.406206010523630923e+00
2.406206010523633143e+00
2.469266270539637986e+00
2.469266270539639763e+00
2.469266270539643315e+00
2.585786437626900636e+00
2.585786437626901968e+00
2.585786437626903300e+00
2.585786437626905077e+00
2.585786437626905521e+00
2.585786437626908629e+00
2.621507205517065398e+00
2.621507205517066730e+00
2.621507205517068506e+00
2.738027372604324050e+00
2.738027372604327159e+00
2.738027372604328935e+00
2.738027372604329823e+00
2.738027372604331156e+00
2.738027372604335152e+00
2.765366864730178342e+00
2.765366864730179230e+00
2.765366864730179675e+00
2.917607799707599536e+00
2.917607799707602201e+00
2.917607799707604421e+00
2.917607799707604865e+00
2.917607799707605309e+00
2.917607799707606642e+00
3.055052708166544839e+00
3.055052708166545283e+00
3.055052708166546171e+00
3.069848734685030500e+00
3.069848734685032721e+00
3.069848734685034053e+00
3.171572875253810153e+00
3.171572875253811041e+00
3.171572875253812818e+00
3.234633135269817661e+00
3.234633135269820325e+00
3.234633135269821214e+00
3.234633135269821214e+00
3.234633135269821658e+00
3.234633135269830095e+00
3.351153302357079422e+00
3.351153302357081198e+00
3.351153302357082087e+00
3.351153302357084751e+00
3.351153302357086528e+00
3.351153302357089192e+00
3.386874070247247293e+00
3.386874070247248181e+00
3.386874070247249069e+00
3.386874070247249513e+00
3.386874070247250401e+00
3.386874070247250845e+00
3.414213562373092703e+00
3.414213562373094923e+00
3.414213562373097144e+00
3.503394237334505501e+00
3.503394237334509498e+00
3.503394237334510830e+00
3.503394237334512162e+00
3.503394237334513495e+00
3.503394237334513495e+00
3.566454497350519670e+00
3.566454497350520558e+00
3.566454497350521002e+00
3.566454497350521891e+00
3.566454497350522779e+00
3.566454497350525887e+00
3.703899405809462309e+00
3.718695432327947525e+00
3.718695432327947969e+00
3.718695432327948858e+00
3.820419572896721849e+00
3.820419572896724958e+00
3.820419572896725846e+00
3.820419572896726734e+00
3.820419572896728511e+00
3.820419572896735616e+00
3.847759065022573033e+00
3.847759065022573477e+00
3.847759065022573477e+00
3.936939739983986275e+00
3.936939739983987607e+00
3.936939739983988940e+00
3.999999999999988454e+00
3.999999999999990674e+00
3.999999999999990674e+00
3.999999999999992450e+00
3.999999999999992895e+00
3.999999999999994671e+00
3.999999999999995115e+00
3.999999999999995559e+00
3.999999999999996003e+00
3.999999999999996891e+00
3.999999999999998668e+00
3.999999999999999556e+00
3.999999999999999556e+00
4.000000000000000000e+00
4.000000000000000888e+00
4.000000000000001776e+00
4.000000000000004441e+00
4.000000000000004441e+00
4.000000000000005329e+00
4.000000000000005329e+00
4.000000000000010658e+00
4.152240934977413644e+00
4.152240934977416309e+00
4.152240934977419862e+00
4.152240934977420750e+00
4.152240934977426967e+00
4.152240934977427855e+00
4.152240934977427855e+00
4.152240934977428743e+00
4.152240934977429632e+00
4.152240934977430520e+00
4.152240934977430520e+00
4.152240934977430520e+00
4.152240934977431408e+00
4.152240934977432296e+00
4.152240934977432296e+00
4.152240934977435849e+00
4.152240934977437625e+00
4.152240934977438513e+00
4.433545502649471892e+00
4.433545502649474557e+00
4.433545502649474557e+00
4.433545502649479886e+00
4.433545502649480774e+00
4.433545502649480774e+00
4.469266270539640651e+00
4.469266270539645980e+00
4.469266270539646868e+00
4.585786437626887313e+00
4.585786437626892642e+00
4.585786437626892642e+00
4.585786437626894418e+00
4.585786437626897971e+00
4.585786437626897971e+00
4.585786437626900636e+00
4.585786437626904188e+00
4.585786437626905077e+00
4.585786437626905077e+00
4.585786437626907741e+00
4.585786437626907741e+00
4.585786437626908629e+00
4.585786437626909517e+00
4.585786437626911294e+00
4.585786437626911294e+00
4.585786437626913070e+00
4.585786437626913070e+00
4.648846697642910364e+00
4.648846697642913028e+00
4.648846697642913028e+00
4.648846697642914805e+00
4.648846697642917469e+00
4.648846697642924575e+00
4.765366864730176566e+00
4.765366864730180119e+00
4.765366864730181895e+00
4.765366864730181895e+00
4.765366864730183671e+00
4.765366864730188112e+00
4.801087632620339107e+00
4.801087632620339996e+00
4.801087632620340884e+00
4.801087632620342660e+00
4.801087632620343548e+00
4.801087632620344436e+00
4.917607799707604421e+00
4.917607799707607974e+00
4.917607799707607974e+00
4.917607799707608862e+00
4.917607799707609750e+00
4.917607799707611527e+00
5.019331940276376969e+00
5.019331940276384074e+00
5.019331940276387627e+00
5.082392200292387585e+00
5.082392200292388473e+00
5.082392200292392026e+00
5.082392200292392914e+00
5.082392200292393802e+00
5.082392200292394691e+00
5.234633135269806559e+00
5.234633135269809223e+00
5.234633135269813664e+00
5.234633135269817217e+00
5.234633135269818105e+00
5.234633135269818993e+00
5.234633135269818993e+00
5.234633135269818993e+00
5.234633135269820770e+00
5.234633135269821658e+00
5.234633135269821658e+00
5.234633135269823434e+00
5.234633135269824322e+00
5.234633135269824322e+00
5.234633135269825210e+00
5.234633135269825210e+00
5.234633135269826099e+00
5.234633135269829651e+00
5.351153302357078978e+00
5.351153302357080754e+00
5.351153302357083419e+00
5.351153302357083419e+00
5.351153302357086972e+00
5.351153302357089636e+00
5.414213562373090483e+00
5.414213562373091371e+00
5.414213562373093147e+00
5.414213562373094035e+00
5.414213562373101141e+00
5.414213562373104693e+00
5.530733729460355796e+00
5.530733729460356685e+00
5.530733729460367343e+00
5.566454497350518338e+00
5.566454497350519226e+00
5.566454497350521002e+00
5.566454497350521891e+00
5.566454497350525443e+00
5.566454497350525443e+00
5.668178637919295326e+00
5.668178637919297103e+00
5.668178637919300655e+00
5.668178637919302432e+00
5.668178637919304208e+00
5.668178637919305096e+00
5.682974664437782764e+00
5.682974664437787204e+00
5.682974664437787204e+00
5.847759065022570368e+00
5.847759065022572145e+00
5.847759065022575697e+00
5.847759065022576586e+00
5.847759065022576586e+00
5.847759065022583691e+00
5.883479832912731133e+00
5.883479832912733798e+00
5.883479832912741792e+00
5.999999999999986677e+00
5.999999999999991118e+00
5.999999999999992006e+00
5.999999999999992895e+00
5.999999999999998224e+00
6.000000000000000000e+00
6.000000000000000000e+00
6.000000000000000888e+00
6.000000000000000888e+00
6.000000000000001776e+00
6.000000000000001776e+00
6.000000000000001776e+00
6.000000000000002665e+00
6.000000000000002665e+00
6.000000000000002665e+00
6.000000000000003553e+00
6.000000000000006217e+00
6.000000000000009770e+00
6.000000000000012434e+00
6.116520167087254656e+00
6.116520167087266202e+00
6.116520167087270643e+00
6.179580427103264384e+00
6.179580427103267937e+00
6.179580427103276818e+00
6.179580427103278595e+00
6.179580427103279483e+00
6.179580427103280371e+00
6.317025335562207466e+00
6.317025335562217236e+00
6.317025335562226118e+00
6.331821362080698457e+00
6.331821362080698457e+00
6.331821362080699345e+00
6.331821362080700233e+00
6.331821362080701121e+00
6.331821362080702009e+00
6.433545502649471892e+00
6.433545502649474557e+00
6.433545502649479886e+00
6.433545502649480774e+00
6.433545502649481662e+00
6.433545502649483439e+00
6.613125929752748711e+00
6.613125929752750487e+00
6.613125929752750487e+00
6.613125929752752263e+00
6.613125929752754040e+00
6.613125929752755816e+00
6.648846697642905035e+00
6.648846697642906811e+00
6.648846697642908588e+00
6.648846697642913917e+00
6.648846697642919246e+00
6.648846697642925463e+00
6.765366864730162355e+00
6.765366864730166796e+00
6.765366864730168572e+00
6.765366864730169461e+00
6.765366864730170349e+00
6.765366864730170349e+00
6.765366864730172125e+00
6.765366864730173901e+00
6.765366864730176566e+00
6.765366864730177454e+00
6.765366864730177454e+00
6.765366864730180119e+00
6.765366864730183671e+00
6.765366864730185448e+00
6.765366864730186336e+00
6.765366864730189889e+00
6.765366864730189889e+00
6.765366864730194330e+00
6.828427124746187182e+00
6.828427124746188959e+00
6.828427124746198729e+00
6.980668059723617702e+00
6.980668059723618590e+00
6.980668059723623031e+00
7.082392200292380480e+00
7.082392200292388473e+00
7.082392200292389361e+00
7.082392200292394691e+00
7.082392200292399131e+00
7.082392200292409790e+00
7.198912367379655564e+00
7.198912367379657340e+00
7.198912367379659116e+00
7.198912367379661781e+00
7.198912367379662669e+00
7.198912367379667998e+00
7.261972627395649305e+00
7.261972627395667956e+00
7.261972627395667956e+00
7.261972627395670621e+00
7.261972627395672397e+00
7.261972627395674174e+00
7.414213562373083377e+00
7.414213562373086930e+00
7.414213562373087818e+00
7.414213562373093147e+00
7.414213562373094035e+00
7.414213562373094923e+00
7.414213562373094923e+00
7.414213562373095812e+00
7.414213562373097588e+00
7.414213562373097588e+00
7.414213562373101141e+00
7.414213562373104693e+00
7.414213562373104693e+00
7.414213562373104693e+00
7.414213562373105582e+00
7.414213562373107358e+00
7.414213562373110022e+00
7.414213562373111799e+00
7.530733729460356685e+00
7.530733729460362014e+00
7.530733729460366455e+00
7.695518130045141625e+00
7.695518130045144289e+00
7.695518130045145178e+00
7.847759065022560598e+00
7.847759065022564151e+00
7.847759065022565039e+00
7.847759065022565927e+00
7.847759065022567704e+00
7.847759065022571257e+00
7.847759065022575697e+00
7.847759065022575697e+00
7.847759065022577474e+00
7.847759065022578362e+00
7.847759065022578362e+00
7.847759065022579250e+00
7.847759065022581026e+00
7.847759065022581915e+00
7.847759065022585467e+00
7.847759065022587244e+00
7.847759065022588132e+00
7.847759065022605895e+00
8.063060260015991076e+00
8.063060260016008840e+00
8.063060260016010616e+00
8.179580427103275042e+00
8.179580427103275042e+00
8.179580427103275042e+00
8.179580427103282148e+00
8.179580427103287477e+00
8.179580427103289253e+00
8.281304567672027162e+00
8.281304567672062689e+00
8.281304567672066241e+00
8.296100594190535915e+00
8.496605762665470962e+00
8.496605762665474515e+00
8.496605762665479844e+00
8.496605762665495831e+00
8.496605762665499384e+00
8.496605762665513595e+00
8.613125929752747822e+00
8.613125929752753152e+00
8.613125929752760257e+00
8.613125929752765586e+00
8.613125929752770915e+00
8.613125929752776244e+00
8.828427124746172083e+00
8.828427124746191623e+00
8.828427124746196952e+00
8.930151265314965059e+00
8.930151265314972164e+00
8.930151265314984599e+00
8.944947291833441838e+00
8.944947291833457825e+00
8.944947291833459602e+00
9.261972627395646640e+00
9.261972627395655522e+00
9.261972627395655522e+00
9.261972627395662627e+00
9.261972627395683944e+00
9.261972627395701707e+00
9.378492794482930606e+00
9.378492794482930606e+00
9.378492794482944817e+00
9.593793989476367301e+00
9.593793989476379735e+00
9.593793989476379735e+00
9.695518130045144289e+00
9.695518130045147842e+00
9.695518130045149618e+00
1.002733949212583653e+01
1.002733949212584008e+01
1.002733949212584363e+01
1.002733949212584541e+01
1.002733949212585607e+01
1.002733949212585962e+01
1.024264068711927500e+01
1.046088499477533063e+01
1.046088499477533063e+01
1.046088499477533951e+01
1.067618618976875489e+01
1.067618618976876554e+01
1.067618618976877087e+01
1.110973169241821168e+01
1.110973169241822767e+01
1.110973169241824721e+01
1.154327719506772709e+01
